 Fermi (or HOMO) energy (hartree) =   0.15570   Average Vxc (hartree)=  -0.34917
 Eigenvalues (hartree) for nkpt=  10  k points:
 kpt#   1, nband= 15, wtk=  0.09375, kpt= -0.1250 -0.2500  0.0000 (reduced coord)
  -0.88619   -0.88615   -0.88615   -0.88551   -0.88549   -0.37418   -0.37253   -0.37248
  -0.36990   -0.36965   -0.21789    0.04059    0.12501    0.12666    0.22851
 kpt#   2, nband= 15, wtk=  0.09375, kpt= -0.1250  0.5000  0.0000 (reduced coord)
  -0.88617   -0.88614   -0.88613   -0.88549   -0.88548   -0.37515   -0.37218   -0.37211
  -0.36980   -0.36966   -0.18312   -0.04410    0.09247    0.11639    0.21474
 kpt#   3, nband= 15, wtk=  0.09375, kpt= -0.2500 -0.3750  0.0000 (reduced coord)
  -0.88621   -0.88612   -0.88611   -0.88552   -0.88546   -0.37533   -0.37190   -0.37185
  -0.37018   -0.36955   -0.19337   -0.01083    0.08741    0.09909    0.22343
 kpt#   4, nband= 15, wtk=  0.18750, kpt= -0.1250 -0.3750  0.1250 (reduced coord)
  -0.88618   -0.88614   -0.88612   -0.88550   -0.88547   -0.37524   -0.37208   -0.37192
  -0.36997   -0.36965   -0.18530   -0.02877    0.06826    0.10800    0.24668
 kpt#   5, nband= 15, wtk=  0.09375, kpt= -0.1250  0.2500  0.0000 (reduced coord)
  -0.88617   -0.88615   -0.88614   -0.88550   -0.88549   -0.37450   -0.37246   -0.37233
  -0.36983   -0.36970   -0.20587    0.00466    0.09657    0.13936    0.21977
 kpt#   6, nband= 15, wtk=  0.09375, kpt= -0.2500  0.3750  0.0000 (reduced coord)
  -0.88617   -0.88614   -0.88612   -0.88550   -0.88547   -0.37546   -0.37195   -0.37183
  -0.36992   -0.36973   -0.17382   -0.04471    0.05109    0.10735    0.23001
 kpt#   7, nband= 15, wtk=  0.09375, kpt= -0.3750  0.5000  0.0000 (reduced coord)
  -0.88622   -0.88610   -0.88609   -0.88552   -0.88544   -0.37609   -0.37144   -0.37137
  -0.37040   -0.36950   -0.16746   -0.05059    0.06670    0.08379    0.21330
 kpt#   8, nband= 15, wtk=  0.18750, kpt= -0.2500  0.5000  0.1250 (reduced coord)
  -0.88618   -0.88613   -0.88609   -0.88551   -0.88546   -0.37579   -0.37179   -0.37149
  -0.37013   -0.36965   -0.16611   -0.05050    0.05128    0.08054    0.24955
 kpt#   9, nband= 15, wtk=  0.03125, kpt= -0.1250  0.0000  0.0000 (reduced coord)
  -0.88617   -0.88617   -0.88617   -0.88551   -0.88551   -0.37334   -0.37291   -0.37291
  -0.36974   -0.36974   -0.23148    0.09222    0.15570    0.15570    0.19505
 kpt#  10, nband= 15, wtk=  0.03125, kpt= -0.3750  0.0000  0.0000 (reduced coord)
  -0.88617   -0.88614   -0.88614   -0.88549   -0.88549   -0.37473   -0.37237   -0.37237
  -0.36971   -0.36971   -0.19665   -0.02537    0.12978    0.12978    0.18290
