 Eigenvalues (   eV  ) for nkpt= 191  k points:
 kpt#   1, nband= 20, wtk=  1.00000, kpt=  0.5000  0.0000  0.0000 (reduced coord)
 -24.11393  -24.11292  -24.11292  -24.09532  -24.09532  -10.20465  -10.13016  -10.13016
 -10.05946  -10.05946   -5.04641   -1.29709    3.42091    3.42091    4.88198    8.25552
   8.25552   10.44702   12.67393   13.80330
 kpt#   2, nband= 20, wtk=  1.00000, kpt=  0.4900  0.0000  0.0000 (reduced coord)
 -24.11393  -24.11292  -24.11292  -24.09532  -24.09532  -10.20459  -10.13018  -10.13018
 -10.05946  -10.05946   -5.04873   -1.29283    3.42163    3.42163    4.88260    8.25573
   8.25573   10.44771   12.65630   13.78797
 kpt#   3, nband= 20, wtk=  1.00000, kpt=  0.4800  0.0000  0.0000 (reduced coord)
 -24.11393  -24.11292  -24.11292  -24.09532  -24.09532  -10.20444  -10.13022  -10.13022
 -10.05948  -10.05948   -5.05566   -1.28007    3.42378    3.42378    4.88446    8.25634
   8.25634   10.44974   12.60557   13.74410
 kpt#   4, nband= 20, wtk=  1.00000, kpt=  0.4700  0.0000  0.0000 (reduced coord)
 -24.11393  -24.11293  -24.11293  -24.09532  -24.09532  -10.20418  -10.13030  -10.13030
 -10.05952  -10.05952   -5.06709   -1.25892    3.42737    3.42737    4.88755    8.25734
   8.25734   10.45303   12.52715   13.67698
 kpt#   5, nband= 20, wtk=  1.00000, kpt=  0.4600  0.0000  0.0000 (reduced coord)
 -24.11393  -24.11293  -24.11293  -24.09533  -24.09533  -10.20383  -10.13041  -10.13041
 -10.05956  -10.05956   -5.08285   -1.22956    3.43239    3.43239    4.89188    8.25868
   8.25868   10.45746   12.42756   13.59279
 kpt#   6, nband= 20, wtk=  1.00000, kpt=  0.4500  0.0000  0.0000 (reduced coord)
 -24.11393  -24.11294  -24.11294  -24.09533  -24.09533  -10.20337  -10.13055  -10.13055
 -10.05962  -10.05962   -5.10271   -1.19222    3.43884    3.43884    4.89743    8.26031
   8.26031   10.46279   12.31287   13.49700
 kpt#   7, nband= 20, wtk=  1.00000, kpt=  0.4400  0.0000  0.0000 (reduced coord)
 -24.11393  -24.11296  -24.11296  -24.09534  -24.09534  -10.20282  -10.13072  -10.13072
 -10.05968  -10.05968   -5.12641   -1.14719    3.44670    3.44670    4.90421    8.26216
   8.26216   10.46870   12.18801   13.39384
 kpt#   8, nband= 20, wtk=  1.00000, kpt=  0.4300  0.0000  0.0000 (reduced coord)
 -24.11393  -24.11297  -24.11297  -24.09535  -24.09535  -10.20217  -10.13092  -10.13092
 -10.05976  -10.05976   -5.15362   -1.09478    3.45596    3.45596    4.91218    8.26413
   8.26413   10.47474   12.05690   13.28643
 kpt#   9, nband= 20, wtk=  1.00000, kpt=  0.4200  0.0000  0.0000 (reduced coord)
 -24.11393  -24.11298  -24.11298  -24.09536  -24.09536  -10.20142  -10.13116  -10.13116
 -10.05984  -10.05984   -5.18403   -1.03533    3.46662    3.46662    4.92135    8.26613
   8.26613   10.48021   11.92271   13.17704
 kpt#  10, nband= 20, wtk=  1.00000, kpt=  0.4100  0.0000  0.0000 (reduced coord)
 -24.11394  -24.11300  -24.11300  -24.09537  -24.09537  -10.20059  -10.13142  -10.13142
 -10.05993  -10.05993   -5.21728   -0.96921    3.47867    3.47867    4.93170    8.26804
   8.26804   10.48414   11.78824   13.06731
 kpt#  11, nband= 20, wtk=  1.00000, kpt=  0.4000  0.0000  0.0000 (reduced coord)
 -24.11394  -24.11302  -24.11302  -24.09538  -24.09538  -10.19967  -10.13172  -10.13172
 -10.06003  -10.06003   -5.25303   -0.89677    3.49207    3.49207    4.94321    8.26972
   8.26972   10.48508   11.65621   12.95849
 kpt#  12, nband= 20, wtk=  1.00000, kpt=  0.3900  0.0000  0.0000 (reduced coord)
 -24.11394  -24.11304  -24.11304  -24.09539  -24.09539  -10.19866  -10.13204  -10.13204
 -10.06013  -10.06013   -5.29093   -0.81837    3.50683    3.50683    4.95585    8.27101
   8.27101   10.48090   11.52970   12.85153
 kpt#  13, nband= 20, wtk=  1.00000, kpt=  0.3800  0.0000  0.0000 (reduced coord)
 -24.11394  -24.11306  -24.11306  -24.09540  -24.09540  -10.19757  -10.13240  -10.13240
 -10.06023  -10.06023   -5.33066   -0.73438    3.52291    3.52291    4.96959    8.27174
   8.27174   10.46858   11.41242   12.74721
 kpt#  14, nband= 20, wtk=  1.00000, kpt=  0.3700  0.0000  0.0000 (reduced coord)
 -24.11394  -24.11309  -24.11309  -24.09542  -24.09542  -10.19641  -10.13279  -10.13279
 -10.06034  -10.06034   -5.37188   -0.64513    3.54030    3.54030    4.98441    8.27174
   8.27174   10.44413   11.30885   12.64618
 kpt#  15, nband= 20, wtk=  1.00000, kpt=  0.3600  0.0000  0.0000 (reduced coord)
 -24.11394  -24.11311  -24.11311  -24.09543  -24.09543  -10.19517  -10.13321  -10.13321
 -10.06044  -10.06044   -5.41431   -0.55095    3.55897    3.55897    5.00027    8.27081
   8.27081   10.40315   11.22378   12.54900
 kpt#  16, nband= 20, wtk=  1.00000, kpt=  0.3500  0.0000  0.0000 (reduced coord)
 -24.11395  -24.11314  -24.11314  -24.09545  -24.09545  -10.19387  -10.13366  -10.13366
 -10.06055  -10.06055   -5.45765   -0.45215    3.57889    3.57889    5.01712    8.26875
   8.26875   10.34233   11.16077   12.45615
 kpt#  17, nband= 20, wtk=  1.00000, kpt=  0.3400  0.0000  0.0000 (reduced coord)
 -24.11395  -24.11317  -24.11317  -24.09547  -24.09547  -10.19250  -10.13413  -10.13413
 -10.06065  -10.06065   -5.50165   -0.34902    3.60003    3.60003    5.03492    8.26533
   8.26533   10.26122   11.12043   12.36808
 kpt#  18, nband= 20, wtk=  1.00000, kpt=  0.3300  0.0000  0.0000 (reduced coord)
 -24.11395  -24.11319  -24.11319  -24.09548  -24.09548  -10.19107  -10.13463  -10.13463
 -10.06075  -10.06075   -5.54606   -0.24183    3.62235    3.62235    5.05359    8.26035
   8.26035   10.16247   11.10021   12.28522
 kpt#  19, nband= 20, wtk=  1.00000, kpt=  0.3200  0.0000  0.0000 (reduced coord)
 -24.11395  -24.11323  -24.11323  -24.09550  -24.09550  -10.18959  -10.13516  -10.13516
 -10.06084  -10.06084   -5.59066   -0.13085    3.64583    3.64583    5.07306    8.25360
   8.25360   10.05032   11.09591   12.20794
 kpt#  20, nband= 20, wtk=  1.00000, kpt=  0.3100  0.0000  0.0000 (reduced coord)
 -24.11395  -24.11326  -24.11326  -24.09552  -24.09552  -10.18807  -10.13572  -10.13572
 -10.06093  -10.06093   -5.63525   -0.01630    3.67041    3.67041    5.09327    8.24485
   8.24485    9.92888   11.10338   12.13660
 kpt#  21, nband= 20, wtk=  1.00000, kpt=  0.3000  0.0000  0.0000 (reduced coord)
 -24.11396  -24.11329  -24.11329  -24.09554  -24.09554  -10.18650  -10.13629  -10.13629
 -10.06100  -10.06100   -5.67964    0.10157    3.69606    3.69606    5.11409    8.23393
   8.23393    9.80142   11.11924   12.07152
 kpt#  22, nband= 20, wtk=  1.00000, kpt=  0.2900  0.0000  0.0000 (reduced coord)
 -24.11396  -24.11332  -24.11332  -24.09556  -24.09556  -10.18490  -10.13689  -10.13689
 -10.06108  -10.06108   -5.72367    0.22256    3.72272    3.72272    5.13543    8.22066
   8.22066    9.67030   11.14095   12.01299
 kpt#  23, nband= 20, wtk=  1.00000, kpt=  0.2800  0.0000  0.0000 (reduced coord)
 -24.11396  -24.11335  -24.11335  -24.09557  -24.09557  -10.18326  -10.13751  -10.13751
 -10.06114  -10.06114   -5.76718    0.34647    3.75034    3.75034    5.15714    8.20490
   8.20490    9.53720   11.16656   11.96126
 kpt#  24, nband= 20, wtk=  1.00000, kpt=  0.2700  0.0000  0.0000 (reduced coord)
 -24.11397  -24.11339  -24.11339  -24.09559  -24.09559  -10.18161  -10.13814  -10.13814
 -10.06119  -10.06119   -5.81002    0.47310    3.77885    3.77885    5.17906    8.18653
   8.18653    9.40330   11.19449   11.91656
 kpt#  25, nband= 20, wtk=  1.00000, kpt=  0.2600  0.0000  0.0000 (reduced coord)
 -24.11397  -24.11342  -24.11342  -24.09561  -24.09561  -10.17994  -10.13879  -10.13879
 -10.06124  -10.06124   -5.85208    0.60226    3.80820    3.80820    5.20102    8.16549
   8.16549    9.26950   11.22330   11.87904
 kpt#  26, nband= 20, wtk=  1.00000, kpt=  0.2500  0.0000  0.0000 (reduced coord)
 -24.11397  -24.11346  -24.11346  -24.09563  -24.09563  -10.17826  -10.13944  -10.13944
 -10.06127  -10.06127   -5.89324    0.73379    3.83830    3.83830    5.22278    8.14175
   8.14175    9.13647   11.25160   11.84884
 kpt#  27, nband= 20, wtk=  1.00000, kpt=  0.2400  0.0000  0.0000 (reduced coord)
 -24.11397  -24.11349  -24.11349  -24.09565  -24.09565  -10.17657  -10.14011  -10.14011
 -10.06130  -10.06130   -5.93340    0.86752    3.86909    3.86909    5.24410    8.11535
   8.11535    9.00479   11.27783   11.82601
 kpt#  28, nband= 20, wtk=  1.00000, kpt=  0.2300  0.0000  0.0000 (reduced coord)
 -24.11398  -24.11353  -24.11353  -24.09567  -24.09567  -10.17489  -10.14079  -10.14079
 -10.06131  -10.06131   -5.97246    1.00327    3.90048    3.90048    5.26467    8.08637
   8.08637    8.87496   11.30022   11.81058
 kpt#  29, nband= 20, wtk=  1.00000, kpt=  0.2200  0.0000  0.0000 (reduced coord)
 -24.11398  -24.11356  -24.11356  -24.09569  -24.09569  -10.17322  -10.14146  -10.14146
 -10.06132  -10.06132   -6.01034    1.14088    3.93236    3.93236    5.28415    8.05495
   8.05495    8.74744   11.31668   11.80251
 kpt#  30, nband= 20, wtk=  1.00000, kpt=  0.2100  0.0000  0.0000 (reduced coord)
 -24.11398  -24.11360  -24.11360  -24.09571  -24.09571  -10.17156  -10.14214  -10.14214
 -10.06132  -10.06132   -6.04696    1.28019    3.96465    3.96465    5.30212    8.02126
   8.02126    8.62269   11.32479   11.80172
 kpt#  31, nband= 20, wtk=  1.00000, kpt=  0.2000  0.0000  0.0000 (reduced coord)
 -24.11399  -24.11363  -24.11363  -24.09572  -24.09572  -10.16993  -10.14281  -10.14281
 -10.06131  -10.06131   -6.08225    1.42105    3.99723    3.99723    5.31810    7.98555
   7.98555    8.50119   11.32187   11.80809
 kpt#  32, nband= 20, wtk=  1.00000, kpt=  0.1900  0.0000  0.0000 (reduced coord)
 -24.11399  -24.11366  -24.11366  -24.09574  -24.09574  -10.16833  -10.14348  -10.14348
 -10.06130  -10.06130   -6.11614    1.56328    4.02997    4.02997    5.33155    7.94808
   7.94808    8.38344   11.30532   11.82147
 kpt#  33, nband= 20, wtk=  1.00000, kpt=  0.1800  0.0000  0.0000 (reduced coord)
 -24.11399  -24.11369  -24.11369  -24.09576  -24.09576  -10.16676  -10.14414  -10.14414
 -10.06128  -10.06128   -6.14858    1.70673    4.06275    4.06275    5.34185    7.90917
   7.90917    8.26999   11.27314   11.84166
 kpt#  34, nband= 20, wtk=  1.00000, kpt=  0.1700  0.0000  0.0000 (reduced coord)
 -24.11399  -24.11373  -24.11373  -24.09577  -24.09577  -10.16524  -10.14478  -10.14478
 -10.06125  -10.06125   -6.17952    1.85122    4.09542    4.09542    5.34829    7.86916
   7.86916    8.16144   11.22454   11.86844
 kpt#  35, nband= 20, wtk=  1.00000, kpt=  0.1600  0.0000  0.0000 (reduced coord)
 -24.11400  -24.11376  -24.11376  -24.09579  -24.09579  -10.16376  -10.14541  -10.14541
 -10.06122  -10.06122   -6.20891    1.99658    4.12784    4.12784    5.35009    7.82841
   7.82841    8.05841   11.16031   11.90158
 kpt#  36, nband= 20, wtk=  1.00000, kpt=  0.1500  0.0000  0.0000 (reduced coord)
 -24.11400  -24.11378  -24.11378  -24.09581  -24.09581  -10.16234  -10.14601  -10.14601
 -10.06118  -10.06118   -6.23671    2.14262    4.15982    4.15982    5.34643    7.78731
   7.78731    7.96158   11.08269   11.94085
 kpt#  37, nband= 20, wtk=  1.00000, kpt=  0.1400  0.0000  0.0000 (reduced coord)
 -24.11400  -24.11381  -24.11381  -24.09582  -24.09582  -10.16099  -10.14660  -10.14660
 -10.06114  -10.06114   -6.26287    2.28916    4.19120    4.19120    5.33643    7.74626
   7.74626    7.87162   10.99479   11.98598
 kpt#  38, nband= 20, wtk=  1.00000, kpt=  0.1300  0.0000  0.0000 (reduced coord)
 -24.11400  -24.11384  -24.11384  -24.09583  -24.09583  -10.15969  -10.14716  -10.14716
 -10.06110  -10.06110   -6.28737    2.43600    4.22179    4.22179    5.31922    7.70566
   7.70566    7.78916   10.90001   12.03672
 kpt#  39, nband= 20, wtk=  1.00000, kpt=  0.1200  0.0000  0.0000 (reduced coord)
 -24.11401  -24.11387  -24.11387  -24.09585  -24.09585  -10.15847  -10.14769  -10.14769
 -10.06106  -10.06106   -6.31016    2.58291    4.25139    4.25139    5.29401    7.66592
   7.66592    7.71477   10.80155   12.09281
 kpt#  40, nband= 20, wtk=  1.00000, kpt=  0.1100  0.0000  0.0000 (reduced coord)
 -24.11401  -24.11389  -24.11389  -24.09586  -24.09586  -10.15733  -10.14819  -10.14819
 -10.06102  -10.06102   -6.33123    2.72966    4.27978    4.27978    5.26010    7.62744
   7.62744    7.64886   10.70225   12.15400
 kpt#  41, nband= 20, wtk=  1.00000, kpt=  0.1000  0.0000  0.0000 (reduced coord)
 -24.11401  -24.11391  -24.11391  -24.09587  -24.09587  -10.15627  -10.14865  -10.14865
 -10.06098  -10.06098   -6.35055    2.87599    4.30675    4.30675    5.21701    7.59064
   7.59064    7.59163   10.60451   12.22003
 kpt#  42, nband= 20, wtk=  1.00000, kpt=  0.0900  0.0000  0.0000 (reduced coord)
 -24.11401  -24.11393  -24.11393  -24.09588  -24.09588  -10.15530  -10.14908  -10.14908
 -10.06094  -10.06094   -6.36809    3.02161    4.33207    4.33207    5.16446    7.54306
   7.55591    7.55591   10.51035   12.29063
 kpt#  43, nband= 20, wtk=  1.00000, kpt=  0.0800  0.0000  0.0000 (reduced coord)
 -24.11401  -24.11395  -24.11395  -24.09589  -24.09589  -10.15441  -10.14947  -10.14947
 -10.06090  -10.06090   -6.38383    3.16618    4.35552    4.35552    5.10247    7.50284
   7.52363    7.52363   10.42150   12.36551
 kpt#  44, nband= 20, wtk=  1.00000, kpt=  0.0700  0.0000  0.0000 (reduced coord)
 -24.11401  -24.11397  -24.11397  -24.09590  -24.09590  -10.15362  -10.14982  -10.14982
 -10.06086  -10.06086   -6.39777    3.30930    4.37687    4.37687    5.03133    7.47042
   7.49416    7.49416   10.33947   12.44437
 kpt#  45, nband= 20, wtk=  1.00000, kpt=  0.0600  0.0000  0.0000 (reduced coord)
 -24.11402  -24.11398  -24.11398  -24.09590  -24.09590  -10.15293  -10.15012  -10.15012
 -10.06083  -10.06083   -6.40987    3.45047    4.39590    4.39590    4.95166    7.44505
   7.46784    7.46784   10.26555   12.52681
 kpt#  46, nband= 20, wtk=  1.00000, kpt=  0.0500  0.0000  0.0000 (reduced coord)
 -24.11402  -24.11399  -24.11399  -24.09591  -24.09591  -10.15235  -10.15038  -10.15038
 -10.06080  -10.06080   -6.42014    3.58900    4.41241    4.41241    4.86436    7.42583
   7.44499    7.44499   10.20090   12.61230
 kpt#  47, nband= 20, wtk=  1.00000, kpt=  0.0400  0.0000  0.0000 (reduced coord)
 -24.11402  -24.11400  -24.11400  -24.09591  -24.09591  -10.15186  -10.15060  -10.15060
 -10.06078  -10.06078   -6.42855    3.72385    4.42621    4.42621    4.77079    7.41178
   7.42589    7.42589   10.14652   12.70001
 kpt#  48, nband= 20, wtk=  1.00000, kpt=  0.0300  0.0000  0.0000 (reduced coord)
 -24.11402  -24.11401  -24.11401  -24.09592  -24.09592  -10.15148  -10.15077  -10.15077
 -10.06076  -10.06076   -6.43510    3.85315    4.43712    4.43712    4.67316    7.40200
   7.41077    7.41077   10.10327   12.78823
 kpt#  49, nband= 20, wtk=  1.00000, kpt=  0.0200  0.0000  0.0000 (reduced coord)
 -24.11402  -24.11402  -24.11402  -24.09592  -24.09592  -10.15121  -10.15089  -10.15089
 -10.06075  -10.06075   -6.43979    3.97278    4.44502    4.44502    4.57590    7.39566
   7.39983    7.39983   10.07186   12.87330
 kpt#  50, nband= 20, wtk=  1.00000, kpt=  0.0100  0.0000  0.0000 (reduced coord)
 -24.11402  -24.11402  -24.11402  -24.09592  -24.09592  -10.15104  -10.15096  -10.15096
 -10.06074  -10.06074   -6.44260    4.07117    4.44980    4.44980    4.49083    7.39212
   7.39321    7.39321   10.05280   12.94557
 kpt#  51, nband= 20, wtk=  1.00000, kpt=  0.0000  0.0000  0.0000 (reduced coord)
 -24.11402  -24.11402  -24.11402  -24.09593  -24.09593  -10.15099  -10.15099  -10.15099
 -10.06074  -10.06074   -6.44354    4.11501    4.45141    4.45141    4.45141    7.39099
   7.39099    7.39099   10.04641   12.97683
 kpt#  52, nband= 20, wtk=  1.00000, kpt=  0.0000  0.0086  0.0086 (reduced coord)
 -24.11402  -24.11402  -24.11402  -24.09593  -24.09592  -10.15106  -10.15095  -10.15095
 -10.06075  -10.06073   -6.44261    4.07189    4.44779    4.44779    4.49422    7.38699
   7.39575    7.39575   10.05274   12.92063
 kpt#  53, nband= 20, wtk=  1.00000, kpt=  0.0000  0.0172  0.0172 (reduced coord)
 -24.11403  -24.11401  -24.11401  -24.09592  -24.09592  -10.15129  -10.15085  -10.15085
 -10.06078  -10.06071   -6.43982    3.97692    4.43701    4.43701    4.58827    7.37511
   7.40993    7.40993   10.07160   12.79375
 kpt#  54, nband= 20, wtk=  1.00000, kpt=  0.0000  0.0259  0.0259 (reduced coord)
 -24.11403  -24.11400  -24.11400  -24.09593  -24.09591  -10.15167  -10.15067  -10.15067
 -10.06084  -10.06069   -6.43518    3.86388    4.41929    4.41929    4.69972    7.35573
   7.43333    7.43333   10.10261   12.65075
 kpt#  55, nband= 20, wtk=  1.00000, kpt=  0.0000  0.0345  0.0345 (reduced coord)
 -24.11404  -24.11399  -24.11399  -24.09593  -24.09590  -10.15219  -10.15043  -10.15043
 -10.06092  -10.06065   -6.42868    3.74400    4.39498    4.39498    4.81725    7.32942
   7.46558    7.46558   10.14519   12.50212
 kpt#  56, nband= 20, wtk=  1.00000, kpt=  0.0000  0.0431  0.0431 (reduced coord)
 -24.11405  -24.11398  -24.11398  -24.09593  -24.09589  -10.15286  -10.15012  -10.15012
 -10.06102  -10.06060   -6.42033    3.62103    4.36454    4.36454    4.93700    7.29692
   7.50623    7.50623   10.19859   12.35156
 kpt#  57, nband= 20, wtk=  1.00000, kpt=  0.0000  0.0517  0.0517 (reduced coord)
 -24.11406  -24.11396  -24.11396  -24.09594  -24.09587  -10.15367  -10.14974  -10.14974
 -10.06114  -10.06053   -6.41014    3.49650    4.32849    4.32849    5.05728    7.25906
   7.55474    7.55474   10.26196   12.20109
 kpt#  58, nband= 20, wtk=  1.00000, kpt=  0.0000  0.0603  0.0603 (reduced coord)
 -24.11408  -24.11393  -24.11393  -24.09594  -24.09585  -10.15462  -10.14930  -10.14930
 -10.06129  -10.06046   -6.39812    3.37112    4.28740    4.28740    5.17717    7.21671
   7.61054    7.61054   10.33436   12.05211
 kpt#  59, nband= 20, wtk=  1.00000, kpt=  0.0000  0.0690  0.0690 (reduced coord)
 -24.11409  -24.11391  -24.11391  -24.09595  -24.09583  -10.15571  -10.14879  -10.14879
 -10.06147  -10.06038   -6.38426    3.24531    4.24185    4.24185    5.29598    7.17077
   7.67305    7.67305   10.41482   11.90573
 kpt#  60, nband= 20, wtk=  1.00000, kpt=  0.0000  0.0776  0.0776 (reduced coord)
 -24.11411  -24.11388  -24.11388  -24.09595  -24.09581  -10.15692  -10.14821  -10.14821
 -10.06167  -10.06029   -6.36859    3.11931    4.19242    4.19242    5.41314    7.12213
   7.74167    7.74167   10.50225   11.76303
 kpt#  61, nband= 20, wtk=  1.00000, kpt=  0.0000  0.0862  0.0862 (reduced coord)
 -24.11413  -24.11385  -24.11385  -24.09596  -24.09578  -10.15826  -10.14757  -10.14757
 -10.06189  -10.06019   -6.35111    2.99327    4.13966    4.13966    5.52806    7.07166
   7.81585    7.81585   10.59539   11.62527
 kpt#  62, nband= 20, wtk=  1.00000, kpt=  0.0000  0.0948  0.0948 (reduced coord)
 -24.11416  -24.11381  -24.11381  -24.09597  -24.09575  -10.15972  -10.14688  -10.14688
 -10.06214  -10.06007   -6.33183    2.86732    4.08410    4.08410    5.64007    7.02026
   7.89505    7.89505   10.69237   11.49428
 kpt#  63, nband= 20, wtk=  1.00000, kpt=  0.0000  0.1034  0.1034 (reduced coord)
 -24.11418  -24.11377  -24.11377  -24.09597  -24.09572  -10.16129  -10.14612  -10.14612
 -10.06242  -10.05995   -6.31077    2.74154    4.02622    4.02622    5.74836    6.96887
   7.97877    7.97877   10.78958   11.37372
 kpt#  64, nband= 20, wtk=  1.00000, kpt=  0.0000  0.1121  0.1121 (reduced coord)
 -24.11421  -24.11373  -24.11373  -24.09598  -24.09569  -10.16297  -10.14531  -10.14531
 -10.06272  -10.05982   -6.28794    2.61600    3.96645    3.96645    5.85190    6.91854
   8.06658    8.06658   10.87714   11.27359
 kpt#  65, nband= 20, wtk=  1.00000, kpt=  0.0000  0.1207  0.1207 (reduced coord)
 -24.11424  -24.11369  -24.11369  -24.09599  -24.09565  -10.16474  -10.14444  -10.14444
 -10.06305  -10.05968   -6.26336    2.49074    3.90521    3.90521    5.94930    6.87060
   8.15804    8.15804   10.92397   11.22512
 kpt#  66, nband= 20, wtk=  1.00000, kpt=  0.0000  0.1293  0.1293 (reduced coord)
 -24.11427  -24.11364  -24.11364  -24.09600  -24.09561  -10.16661  -10.14352  -10.14352
 -10.06340  -10.05954   -6.23705    2.36583    3.84285    3.84285    6.03864    6.82677
   8.25281    8.25281   10.89265   11.26602
 kpt#  67, nband= 20, wtk=  1.00000, kpt=  0.0000  0.1379  0.1379 (reduced coord)
 -24.11430  -24.11360  -24.11360  -24.09601  -24.09557  -10.16857  -10.14255  -10.14255
 -10.06378  -10.05938   -6.20902    2.24130    3.77969    3.77969    6.11718    6.78949
   8.35053    8.35053   10.81654   11.36325
 kpt#  68, nband= 20, wtk=  1.00000, kpt=  0.0000  0.1466  0.1466 (reduced coord)
 -24.11433  -24.11355  -24.11355  -24.09602  -24.09553  -10.17060  -10.14153  -10.14153
 -10.06418  -10.05922   -6.17929    2.11719    3.71602    3.71602    6.18120    6.76209
   8.45092    8.45092   10.73137   11.48150
 kpt#  69, nband= 20, wtk=  1.00000, kpt=  0.0000  0.1552  0.1552 (reduced coord)
 -24.11437  -24.11349  -24.11349  -24.09603  -24.09549  -10.17270  -10.14047  -10.14047
 -10.06461  -10.05905   -6.14790    1.99353    3.65209    3.65209    6.22637    6.74841
   8.55369    8.55369   10.64897   11.60942
 kpt#  70, nband= 20, wtk=  1.00000, kpt=  0.0000  0.1638  0.1638 (reduced coord)
 -24.11441  -24.11344  -24.11344  -24.09605  -24.09544  -10.17487  -10.13937  -10.13937
 -10.06506  -10.05888   -6.11486    1.87037    3.58815    3.58815    6.24958    6.75099
   8.65863    8.65863   10.57363   11.74326
 kpt#  71, nband= 20, wtk=  1.00000, kpt=  0.0000  0.1724  0.1724 (reduced coord)
 -24.11444  -24.11338  -24.11338  -24.09606  -24.09540  -10.17709  -10.13823  -10.13823
 -10.06554  -10.05870   -6.08020    1.74773    3.52438    3.52438    6.25145    6.76861
   8.76549    8.76549   10.50753   11.88140
 kpt#  72, nband= 20, wtk=  1.00000, kpt=  0.0000  0.1810  0.1810 (reduced coord)
 -24.11448  -24.11332  -24.11332  -24.09607  -24.09535  -10.17936  -10.13705  -10.13705
 -10.06604  -10.05851   -6.04395    1.62565    3.46098    3.46098    6.23641    6.79620
   8.87410    8.87410   10.45209   12.02297
 kpt#  73, nband= 20, wtk=  1.00000, kpt=  0.0000  0.1897  0.1897 (reduced coord)
 -24.11452  -24.11327  -24.11327  -24.09608  -24.09530  -10.18167  -10.13584  -10.13584
 -10.06656  -10.05832   -6.00613    1.50418    3.39810    3.39810    6.20997    6.82767
   8.98428    8.98428   10.40835   12.16742
 kpt#  74, nband= 20, wtk=  1.00000, kpt=  0.0000  0.1983  0.1983 (reduced coord)
 -24.11456  -24.11320  -24.11320  -24.09610  -24.09525  -10.18402  -10.13461  -10.13461
 -10.06709  -10.05812   -5.96680    1.38335    3.33590    3.33590    6.17663    6.85802
   9.09587    9.09587   10.37713   12.31430
 kpt#  75, nband= 20, wtk=  1.00000, kpt=  0.0000  0.2069  0.2069 (reduced coord)
 -24.11460  -24.11314  -24.11314  -24.09611  -24.09520  -10.18639  -10.13335  -10.13335
 -10.06765  -10.05792   -5.92597    1.26319    3.27451    3.27451    6.13940    6.88386
   9.20873    9.20873   10.35900   12.46327
 kpt#  76, nband= 20, wtk=  1.00000, kpt=  0.0000  0.2155  0.2155 (reduced coord)
 -24.11464  -24.11308  -24.11308  -24.09613  -24.09514  -10.18879  -10.13206  -10.13206
 -10.06822  -10.05772   -5.88369    1.14376    3.21404    3.21404    6.10022    6.90308
   9.32272    9.32272   10.35428   12.61401
 kpt#  77, nband= 20, wtk=  1.00000, kpt=  0.0000  0.2241  0.2241 (reduced coord)
 -24.11468  -24.11302  -24.11302  -24.09614  -24.09509  -10.19119  -10.13076  -10.13076
 -10.06881  -10.05752   -5.84001    1.02511    3.15460    3.15460    6.06031    6.91450
   9.43773    9.43773   10.36302   12.76619
 kpt#  78, nband= 20, wtk=  1.00000, kpt=  0.0000  0.2328  0.2328 (reduced coord)
 -24.11473  -24.11295  -24.11295  -24.09616  -24.09504  -10.19360  -10.12945  -10.12945
 -10.06941  -10.05731   -5.79496    0.90727    3.09630    3.09630    6.02049    6.91763
   9.55365    9.55365   10.38499   12.91950
 kpt#  79, nband= 20, wtk=  1.00000, kpt=  0.0000  0.2414  0.2414 (reduced coord)
 -24.11477  -24.11288  -24.11288  -24.09617  -24.09498  -10.19600  -10.12812  -10.12812
 -10.07002  -10.05710   -5.74860    0.79032    3.03921    3.03921    5.98128    6.91243
   9.67038    9.67038   10.41973   13.07361
 kpt#  80, nband= 20, wtk=  1.00000, kpt=  0.0000  0.2500  0.2500 (reduced coord)
 -24.11481  -24.11282  -24.11282  -24.09618  -24.09493  -10.19840  -10.12679  -10.12679
 -10.07063  -10.05690   -5.70099    0.67430    2.98343    2.98343    5.94306    6.89924
   9.78782    9.78782   10.46654   13.22818
 kpt#  81, nband= 20, wtk=  1.00000, kpt=  0.0000  0.2586  0.2586 (reduced coord)
 -24.11485  -24.11276  -24.11276  -24.09620  -24.09488  -10.20078  -10.12546  -10.12546
 -10.07126  -10.05669   -5.65218    0.55929    2.92902    2.92902    5.90611    6.87866
   9.90588    9.90588   10.52456   13.38277
 kpt#  82, nband= 20, wtk=  1.00000, kpt=  0.0000  0.2672  0.2672 (reduced coord)
 -24.11490  -24.11269  -24.11269  -24.09621  -24.09482  -10.20314  -10.12412  -10.12412
 -10.07189  -10.05648   -5.60225    0.44536    2.87605    2.87605    5.87063    6.85142
  10.02447   10.02447   10.59284   13.53714
 kpt#  83, nband= 20, wtk=  1.00000, kpt=  0.0000  0.2759  0.2759 (reduced coord)
 -24.11494  -24.11263  -24.11263  -24.09623  -24.09477  -10.20547  -10.12280  -10.12280
 -10.07252  -10.05627   -5.55125    0.33258    2.82459    2.82459    5.83678    6.81837
  10.14351   10.14351   10.67035   13.69078
 kpt#  84, nband= 20, wtk=  1.00000, kpt=  0.0000  0.2845  0.2845 (reduced coord)
 -24.11498  -24.11256  -24.11256  -24.09624  -24.09472  -10.20777  -10.12148  -10.12148
 -10.07316  -10.05607   -5.49928    0.22105    2.77469    2.77469    5.80466    6.78036
  10.26291   10.26291   10.75608   13.84232
 kpt#  85, nband= 20, wtk=  1.00000, kpt=  0.0000  0.2931  0.2931 (reduced coord)
 -24.11502  -24.11250  -24.11250  -24.09626  -24.09467  -10.21003  -10.12018  -10.12018
 -10.07379  -10.05587   -5.44642    0.11086    2.72639    2.72639    5.77438    6.73823
  10.38259   10.38259   10.84904   13.98605
 kpt#  86, nband= 20, wtk=  1.00000, kpt=  0.0000  0.3017  0.3017 (reduced coord)
 -24.11506  -24.11244  -24.11244  -24.09627  -24.09461  -10.21223  -10.11889  -10.11889
 -10.07441  -10.05567   -5.39277    0.00211    2.67976    2.67976    5.74601    6.69277
  10.50244   10.50244   10.94828   13.97072
 kpt#  87, nband= 20, wtk=  1.00000, kpt=  0.0000  0.3103  0.3103 (reduced coord)
 -24.11510  -24.11238  -24.11238  -24.09629  -24.09456  -10.21439  -10.11762  -10.11762
 -10.07503  -10.05547   -5.33843   -0.10508    2.63484    2.63484    5.71963    6.64471
  10.62238   10.62238   11.05293   14.01765
 kpt#  88, nband= 20, wtk=  1.00000, kpt=  0.0000  0.3190  0.3190 (reduced coord)
 -24.11514  -24.11232  -24.11232  -24.09630  -24.09451  -10.21649  -10.11638  -10.11638
 -10.07565  -10.05528   -5.28352   -0.21058    2.59166    2.59166    5.69527    6.59472
  10.74230   10.74230   11.16216   14.06933
 kpt#  89, nband= 20, wtk=  1.00000, kpt=  0.0000  0.3276  0.3276 (reduced coord)
 -24.11518  -24.11226  -24.11226  -24.09632  -24.09447  -10.21853  -10.11517  -10.11517
 -10.07625  -10.05510   -5.22818   -0.31425    2.55027    2.55027    5.67299    6.54338
  10.86207   10.86207   11.27524   14.12963
 kpt#  90, nband= 20, wtk=  1.00000, kpt=  0.0000  0.3362  0.3362 (reduced coord)
 -24.11521  -24.11220  -24.11220  -24.09633  -24.09442  -10.22050  -10.11399  -10.11399
 -10.07683  -10.05492   -5.17256   -0.41593    2.51069    2.51069    5.65283    6.49120
  10.98157   10.98157   11.39146   14.18740
 kpt#  91, nband= 20, wtk=  1.00000, kpt=  0.0000  0.3448  0.3448 (reduced coord)
 -24.11525  -24.11215  -24.11215  -24.09634  -24.09437  -10.22240  -10.11284  -10.11284
 -10.07741  -10.05474   -5.11681   -0.51545    2.47297    2.47297    5.63481    6.43864
  11.10064   11.10064   11.51020   14.24780
 kpt#  92, nband= 20, wtk=  1.00000, kpt=  0.0000  0.3534  0.3534 (reduced coord)
 -24.11528  -24.11210  -24.11210  -24.09636  -24.09433  -10.22422  -10.11174  -10.11174
 -10.07796  -10.05457   -5.06113   -0.61261    2.43713    2.43713    5.61896    6.38609
  11.21909   11.21909   11.63085   14.30936
 kpt#  93, nband= 20, wtk=  1.00000, kpt=  0.0000  0.3621  0.3621 (reduced coord)
 -24.11532  -24.11204  -24.11204  -24.09637  -24.09429  -10.22596  -10.11068  -10.11068
 -10.07850  -10.05441   -5.00572   -0.70720    2.40321    2.40321    5.60532    6.33388
  11.33673   11.33673   11.75282   14.37203
 kpt#  94, nband= 20, wtk=  1.00000, kpt=  0.0000  0.3707  0.3707 (reduced coord)
 -24.11535  -24.11200  -24.11200  -24.09638  -24.09425  -10.22761  -10.10966  -10.10966
 -10.07901  -10.05425   -4.95081   -0.79897    2.37121    2.37121    5.59389    6.28232
  11.45328   11.45328   11.87557   14.43548
 kpt#  95, nband= 20, wtk=  1.00000, kpt=  0.0000  0.3793  0.3793 (reduced coord)
 -24.11538  -24.11195  -24.11195  -24.09639  -24.09421  -10.22918  -10.10870  -10.10870
 -10.07950  -10.05411   -4.89665   -0.88767    2.34118    2.34118    5.58469    6.23164
  11.56847   11.56847   11.99853   14.49959
 kpt#  96, nband= 20, wtk=  1.00000, kpt=  0.0000  0.3879  0.3879 (reduced coord)
 -24.11541  -24.11191  -24.11191  -24.09641  -24.09417  -10.23065  -10.10778  -10.10778
 -10.07996  -10.05397   -4.84353   -0.97299    2.31313    2.31313    5.57775    6.18208
  11.68192   11.68192   12.12111   14.56413
 kpt#  97, nband= 20, wtk=  1.00000, kpt=  0.0000  0.3966  0.3966 (reduced coord)
 -24.11543  -24.11187  -24.11187  -24.09642  -24.09414  -10.23203  -10.10692  -10.10692
 -10.08040  -10.05384   -4.79177   -1.05461    2.28708    2.28708    5.57307    6.13381
  11.79321   11.79321   12.24270   14.62888
 kpt#  98, nband= 20, wtk=  1.00000, kpt=  0.0000  0.4052  0.4052 (reduced coord)
 -24.11546  -24.11183  -24.11183  -24.09643  -24.09411  -10.23331  -10.10612  -10.10612
 -10.08081  -10.05372   -4.74171   -1.13218    2.26305    2.26305    5.57067    6.08699
  11.90181   11.90181   12.36262   14.69354
 kpt#  99, nband= 20, wtk=  1.00000, kpt=  0.0000  0.4138  0.4138 (reduced coord)
 -24.11548  -24.11179  -24.11179  -24.09644  -24.09408  -10.23449  -10.10538  -10.10538
 -10.08119  -10.05360   -4.69375   -1.20529    2.24106    2.24106    5.57055    6.04177
  12.00708   12.00708   12.48010   14.75775
 kpt# 100, nband= 20, wtk=  1.00000, kpt=  0.0000  0.4224  0.4224 (reduced coord)
 -24.11550  -24.11176  -24.11176  -24.09644  -24.09405  -10.23556  -10.10471  -10.10471
 -10.08154  -10.05350   -4.64829   -1.27353    2.22111    2.22111    5.57272    5.99825
  12.10828   12.10828   12.59427   14.82126
 kpt# 101, nband= 20, wtk=  1.00000, kpt=  0.0000  0.4310  0.4310 (reduced coord)
 -24.11552  -24.11173  -24.11173  -24.09645  -24.09403  -10.23653  -10.10410  -10.10410
 -10.08185  -10.05341   -4.60578   -1.33645    2.20323    2.20323    5.57718    5.95654
  12.20448   12.20448   12.70407   14.88221
 kpt# 102, nband= 20, wtk=  1.00000, kpt=  0.0000  0.4397  0.4397 (reduced coord)
 -24.11554  -24.11171  -24.11171  -24.09646  -24.09401  -10.23739  -10.10355  -10.10355
 -10.08213  -10.05333   -4.56668   -1.39357    2.18743    2.18743    5.58394    5.91674
  12.29461   12.29461   12.80825   14.94547
 kpt# 103, nband= 20, wtk=  1.00000, kpt=  0.0000  0.4483  0.4483 (reduced coord)
 -24.11555  -24.11168  -24.11168  -24.09646  -24.09399  -10.23814  -10.10308  -10.10308
 -10.08238  -10.05325   -4.53148   -1.44440    2.17371    2.17371    5.59300    5.87890
  12.37742   12.37742   12.90529   14.99969
 kpt# 104, nband= 20, wtk=  1.00000, kpt=  0.0000  0.4569  0.4569 (reduced coord)
 -24.11556  -24.11167  -24.11167  -24.09647  -24.09397  -10.23877  -10.10267  -10.10267
 -10.08259  -10.05319   -4.50066   -1.48845    2.16209    2.16209    5.60435    5.84310
  12.45148   12.45148   12.99340   15.05722
 kpt# 105, nband= 20, wtk=  1.00000, kpt=  0.0000  0.4655  0.4655 (reduced coord)
 -24.11557  -24.11165  -24.11165  -24.09647  -24.09396  -10.23929  -10.10234  -10.10234
 -10.08276  -10.05314   -4.47469   -1.52526    2.15257    2.15257    5.61798    5.80940
  12.51522   12.51522   13.07046   15.09541
 kpt# 106, nband= 20, wtk=  1.00000, kpt=  0.0000  0.4741  0.4741 (reduced coord)
 -24.11558  -24.11164  -24.11164  -24.09648  -24.09395  -10.23970  -10.10208  -10.10208
 -10.08290  -10.05310   -4.45398   -1.55440    2.14516    2.14516    5.63388    5.77785
  12.56704   12.56704   13.13410   15.06885
 kpt# 107, nband= 20, wtk=  1.00000, kpt=  0.0000  0.4828  0.4828 (reduced coord)
 -24.11559  -24.11163  -24.11163  -24.09648  -24.09394  -10.23999  -10.10190  -10.10190
 -10.08299  -10.05308   -4.43891   -1.57550    2.13987    2.13987    5.65198    5.74855
  12.60540   12.60540   13.18190   15.09912
 kpt# 108, nband= 20, wtk=  1.00000, kpt=  0.0000  0.4914  0.4914 (reduced coord)
 -24.11559  -24.11162  -24.11162  -24.09648  -24.09394  -10.24017  -10.10178  -10.10178
 -10.08305  -10.05306   -4.42975   -1.58828    2.13669    2.13669    5.67207    5.72174
  12.62900   12.62900   13.21164   15.07708
 kpt# 109, nband= 20, wtk=  1.00000, kpt=  0.0000  0.5000  0.5000 (reduced coord)
 -24.11559  -24.11162  -24.11162  -24.09648  -24.09394  -10.24022  -10.10175  -10.10175
 -10.08307  -10.05305   -4.42667   -1.59256    2.13563    2.13563    5.68908    5.70248
  12.63697   12.63697   13.22175   15.09461
 kpt# 110, nband= 20, wtk=  1.00000, kpt=  0.0122  0.5061  0.5061 (reduced coord)
 -24.11559  -24.11162  -24.11162  -24.09648  -24.09394  -10.24019  -10.10179  -10.10176
 -10.08304  -10.05307   -4.42656   -1.59226    2.13075    2.13650    5.69262    5.70822
  12.62102   12.62961   13.22499   14.99567
 kpt# 111, nband= 20, wtk=  1.00000, kpt=  0.0244  0.5122  0.5122 (reduced coord)
 -24.11558  -24.11163  -24.11163  -24.09648  -24.09394  -10.24009  -10.10192  -10.10181
 -10.08293  -10.05311   -4.42623   -1.59136    2.11628    2.13912    5.69726    5.73125
  12.57614   12.60778   13.23131   14.95273
 kpt# 112, nband= 20, wtk=  1.00000, kpt=  0.0366  0.5183  0.5183 (reduced coord)
 -24.11556  -24.11164  -24.11163  -24.09647  -24.09395  -10.23992  -10.10213  -10.10190
 -10.08277  -10.05317   -4.42570   -1.58986    2.09274    2.14347    5.70166    5.77239
  12.50887   12.57223   13.23299   14.91261
 kpt# 113, nband= 20, wtk=  1.00000, kpt=  0.0488  0.5244  0.5244 (reduced coord)
 -24.11554  -24.11165  -24.11164  -24.09646  -24.09396  -10.23968  -10.10242  -10.10202
 -10.08254  -10.05327   -4.42500   -1.58777    2.06092    2.14956    5.70706    5.82963
  12.42579   12.52406   13.22242   14.89421
 kpt# 114, nband= 20, wtk=  1.00000, kpt=  0.0610  0.5305  0.5305 (reduced coord)
 -24.11552  -24.11167  -24.11165  -24.09645  -24.09397  -10.23939  -10.10278  -10.10217
 -10.08225  -10.05338   -4.42418   -1.58508    2.02181    2.15738    5.71376    5.90166
  12.33190   12.46462   13.19450   14.84131
 kpt# 115, nband= 20, wtk=  1.00000, kpt=  0.0732  0.5366  0.5366 (reduced coord)
 -24.11549  -24.11169  -24.11166  -24.09643  -24.09399  -10.23902  -10.10321  -10.10236
 -10.08191  -10.05353   -4.42328   -1.58180    1.97656    2.16692    5.72184    5.98731
  12.23071   12.39536   13.14735   14.84312
 kpt# 116, nband= 20, wtk=  1.00000, kpt=  0.0854  0.5427  0.5427 (reduced coord)
 -24.11545  -24.11172  -24.11167  -24.09641  -24.09400  -10.23860  -10.10371  -10.10258
 -10.08153  -10.05369   -4.42237   -1.57794    1.92635    2.17817    5.73132    6.08536
  12.12461   12.31771   13.08175   14.60831
 kpt# 117, nband= 20, wtk=  1.00000, kpt=  0.0976  0.5488  0.5488 (reduced coord)
 -24.11541  -24.11175  -24.11168  -24.09639  -24.09402  -10.23812  -10.10425  -10.10283
 -10.08109  -10.05388   -4.42154   -1.57348    1.87236    2.19112    5.74218    6.19465
  12.01530   12.23302   13.00013   14.49489
 kpt# 118, nband= 20, wtk=  1.00000, kpt=  0.1098  0.5549  0.5549 (reduced coord)
 -24.11536  -24.11178  -24.11170  -24.09637  -24.09405  -10.23758  -10.10485  -10.10312
 -10.08062  -10.05410   -4.42086   -1.56843    1.81574    2.20576    5.75442    6.31404
  11.90401   12.14252   12.90554   14.37957
 kpt# 119, nband= 20, wtk=  1.00000, kpt=  0.1220  0.5610  0.5610 (reduced coord)
 -24.11531  -24.11182  -24.11172  -24.09634  -24.09407  -10.23699  -10.10548  -10.10344
 -10.08012  -10.05433   -4.42044   -1.56277    1.75754    2.22206    5.76801    6.44249
  11.79170   12.04727   12.80092   14.26292
 kpt# 120, nband= 20, wtk=  1.00000, kpt=  0.1341  0.5671  0.5671 (reduced coord)
 -24.11526  -24.11186  -24.11174  -24.09632  -24.09410  -10.23636  -10.10616  -10.10379
 -10.07958  -10.05458   -4.42040   -1.55650    1.69877    2.24001    5.78293    6.57899
  11.67911   11.94823   12.68877   14.14554
 kpt# 121, nband= 20, wtk=  1.00000, kpt=  0.1463  0.5732  0.5732 (reduced coord)
 -24.11520  -24.11190  -24.11176  -24.09629  -24.09413  -10.23567  -10.10686  -10.10418
 -10.07901  -10.05485   -4.42084   -1.54959    1.64029    2.25959    5.79914    6.72264
  11.56686   11.84617   12.57115   14.02794
 kpt# 122, nband= 20, wtk=  1.00000, kpt=  0.1585  0.5793  0.5793 (reduced coord)
 -24.11514  -24.11194  -24.11178  -24.09625  -24.09416  -10.23494  -10.10759  -10.10459
 -10.07842  -10.05514   -4.42192   -1.54199    1.58291    2.28077    5.81662    6.87258
  11.45550   11.74180   12.44964   13.91053
 kpt# 123, nband= 20, wtk=  1.00000, kpt=  0.1707  0.5854  0.5854 (reduced coord)
 -24.11507  -24.11199  -24.11180  -24.09622  -24.09419  -10.23418  -10.10833  -10.10504
 -10.07781  -10.05544   -4.42376   -1.53368    1.52733    2.30354    5.83531    7.02802
  11.34551   11.63568   12.32548   13.79363
 kpt# 124, nband= 20, wtk=  1.00000, kpt=  0.1829  0.5915  0.5915 (reduced coord)
 -24.11500  -24.11204  -24.11183  -24.09619  -24.09423  -10.23338  -10.10909  -10.10552
 -10.07718  -10.05576   -4.42651   -1.52459    1.47418    2.32787    5.85517    7.18816
  11.23737   11.52831   12.19965   13.67754
 kpt# 125, nband= 20, wtk=  1.00000, kpt=  0.1951  0.5976  0.5976 (reduced coord)
 -24.11493  -24.11210  -24.11186  -24.09615  -24.09426  -10.23254  -10.10986  -10.10603
 -10.07653  -10.05609   -4.43033   -1.51464    1.42400    2.35373    5.87616    7.35225
  11.13158   11.42010   12.07291   13.56247
 kpt# 126, nband= 20, wtk=  1.00000, kpt=  0.2073  0.6037  0.6037 (reduced coord)
 -24.11485  -24.11215  -24.11189  -24.09611  -24.09430  -10.23168  -10.11063  -10.10657
 -10.07587  -10.05643   -4.43537   -1.50375    1.37727    2.38108    5.89821    7.51949
  11.02864   11.31140   11.94590   13.44864
 kpt# 127, nband= 20, wtk=  1.00000, kpt=  0.2195  0.6098  0.6098 (reduced coord)
 -24.11478  -24.11221  -24.11192  -24.09607  -24.09434  -10.23079  -10.11141  -10.10714
 -10.07519  -10.05678   -4.44178   -1.49181    1.33438    2.40990    5.92126    7.68901
  10.92913   11.20253   11.81915   13.33621
 kpt# 128, nband= 20, wtk=  1.00000, kpt=  0.2317  0.6159  0.6159 (reduced coord)
 -24.11470  -24.11227  -24.11195  -24.09603  -24.09438  -10.22987  -10.11218  -10.10773
 -10.07451  -10.05713   -4.44973   -1.47870    1.29567    2.44015    5.94524    7.85983
  10.83374   11.09374   11.69315   13.22534
 kpt# 129, nband= 20, wtk=  1.00000, kpt=  0.2439  0.6220  0.6220 (reduced coord)
 -24.11462  -24.11233  -24.11198  -24.09599  -24.09442  -10.22894  -10.11295  -10.10836
 -10.07381  -10.05749   -4.45936   -1.46427    1.26143    2.47179    5.97007    8.03078
  10.74330   10.98525   11.56839   13.11615
 kpt# 130, nband= 20, wtk=  1.00000, kpt=  0.2561  0.6280  0.6280 (reduced coord)
 -24.11454  -24.11239  -24.11201  -24.09595  -24.09447  -10.22799  -10.11370  -10.10901
 -10.07312  -10.05786   -4.47082   -1.44838    1.23188    2.50478    5.99565    8.20039
  10.65883   10.87725   11.44538   13.00879
 kpt# 131, nband= 20, wtk=  1.00000, kpt=  0.2683  0.6341  0.6341 (reduced coord)
 -24.11446  -24.11245  -24.11205  -24.09591  -24.09451  -10.22702  -10.11444  -10.10968
 -10.07242  -10.05822   -4.48423   -1.43086    1.20718    2.53908    6.02190    8.36677
  10.58165   10.76992   11.32482   12.90335
 kpt# 132, nband= 20, wtk=  1.00000, kpt=  0.2805  0.6402  0.6402 (reduced coord)
 -24.11438  -24.11251  -24.11209  -24.09587  -24.09456  -10.22604  -10.11517  -10.11039
 -10.07172  -10.05859   -4.49971   -1.41153    1.18744    2.57465    6.04870    8.52739
  10.51337   10.66339   11.20763   12.79996
 kpt# 133, nband= 20, wtk=  1.00000, kpt=  0.2927  0.6463  0.6463 (reduced coord)
 -24.11429  -24.11258  -24.11212  -24.09583  -24.09460  -10.22505  -10.11588  -10.11111
 -10.07102  -10.05895   -4.51735   -1.39021    1.17275    2.61144    6.07593    8.67893
  10.45583   10.55781   11.09537   12.69869
 kpt# 134, nband= 20, wtk=  1.00000, kpt=  0.3049  0.6524  0.6524 (reduced coord)
 -24.11421  -24.11264  -24.11216  -24.09579  -24.09465  -10.22404  -10.11657  -10.11186
 -10.07033  -10.05932   -4.53724   -1.36672    1.16314    2.64939    6.10346    8.81706
  10.41065   10.45327   10.99076   12.59966
 kpt# 135, nband= 20, wtk=  1.00000, kpt=  0.3171  0.6585  0.6585 (reduced coord)
 -24.11413  -24.11271  -24.11220  -24.09575  -24.09470  -10.22303  -10.11724  -10.11263
 -10.06965  -10.05967   -4.55943   -1.34089    1.15859    2.68846    6.13114    8.93663
  10.34988   10.37769   10.89907   12.50295
 kpt# 136, nband= 20, wtk=  1.00000, kpt=  0.3293  0.6646  0.6646 (reduced coord)
 -24.11406  -24.11277  -24.11225  -24.09571  -24.09474  -10.22200  -10.11789  -10.11342
 -10.06898  -10.06002   -4.58394   -1.31254    1.15907    2.72858    6.15881    9.03248
  10.24774   10.35186   10.83055   12.40865
 kpt# 137, nband= 20, wtk=  1.00000, kpt=  0.3415  0.6707  0.6707 (reduced coord)
 -24.11398  -24.11284  -24.11229  -24.09568  -24.09479  -10.22096  -10.11852  -10.11423
 -10.06832  -10.06037   -4.61079   -1.28150    1.16451    2.76971    6.18629    9.10106
  10.14690   10.32018   10.80169   12.31685
 kpt# 138, nband= 20, wtk=  1.00000, kpt=  0.3537  0.6768  0.6768 (reduced coord)
 -24.11390  -24.11290  -24.11233  -24.09564  -24.09484  -10.21990  -10.11913  -10.11506
 -10.06767  -10.06070   -4.63994   -1.24764    1.17482    2.81178    6.21340    9.14206
  10.04746   10.26861   10.82670   12.22763
 kpt# 139, nband= 20, wtk=  1.00000, kpt=  0.3659  0.6829  0.6829 (reduced coord)
 -24.11383  -24.11296  -24.11237  -24.09560  -24.09489  -10.21884  -10.11971  -10.11590
 -10.06705  -10.06102   -4.67136   -1.21082    1.18988    2.85472    6.23992    9.15871
   9.94946   10.19549   10.90394   12.14108
 kpt# 140, nband= 20, wtk=  1.00000, kpt=  0.3780  0.6890  0.6890 (reduced coord)
 -24.11376  -24.11303  -24.11242  -24.09557  -24.09493  -10.21776  -10.12028  -10.11676
 -10.06644  -10.06134   -4.70497   -1.17093    1.20958    2.89847    6.26563    9.15628
   9.85297   10.10812   11.02058   12.05728
 kpt# 141, nband= 20, wtk=  1.00000, kpt=  0.3902  0.6951  0.6951 (reduced coord)
 -24.11370  -24.11309  -24.11246  -24.09554  -24.09498  -10.21666  -10.12083  -10.11764
 -10.06585  -10.06164   -4.74068   -1.12787    1.23377    2.94297    6.29030    9.14033
   9.75804   10.01323   11.16404   11.97631
 kpt# 142, nband= 20, wtk=  1.00000, kpt=  0.4024  0.7012  0.7012 (reduced coord)
 -24.11363  -24.11315  -24.11250  -24.09551  -24.09503  -10.21555  -10.12136  -10.11852
 -10.06529  -10.06192   -4.77839   -1.08158    1.26231    2.98812    6.31366    9.11558
   9.66472    9.91485   11.32514   11.89826
 kpt# 143, nband= 20, wtk=  1.00000, kpt=  0.4146  0.7073  0.7073 (reduced coord)
 -24.11357  -24.11321  -24.11255  -24.09548  -24.09507  -10.21441  -10.12188  -10.11942
 -10.06476  -10.06219   -4.81796   -1.03199    1.29504    3.03388    6.33546    9.08569
   9.57304    9.81521   11.49735   11.82322
 kpt# 144, nband= 20, wtk=  1.00000, kpt=  0.4268  0.7134  0.7134 (reduced coord)
 -24.11351  -24.11326  -24.11260  -24.09545  -24.09512  -10.21326  -10.12239  -10.12033
 -10.06425  -10.06245   -4.85925   -0.97908    1.33182    3.08014    6.35543    9.05329
   9.48304    9.71562   11.67583   11.75128
 kpt# 145, nband= 20, wtk=  1.00000, kpt=  0.4390  0.7195  0.7195 (reduced coord)
 -24.11346  -24.11332  -24.11264  -24.09543  -24.09516  -10.21207  -10.12288  -10.12125
 -10.06377  -10.06269   -4.90211   -0.92283    1.37249    3.12684    6.37331    9.02026
   9.39477    9.61693   11.68251   11.85662
 kpt# 146, nband= 20, wtk=  1.00000, kpt=  0.4512  0.7256  0.7256 (reduced coord)
 -24.11341  -24.11337  -24.11269  -24.09541  -24.09520  -10.21087  -10.12337  -10.12218
 -10.06332  -10.06291   -4.94638   -0.86322    1.41689    3.17388    6.38882    8.98790
   9.30824    9.51975   11.61701   12.03607
 kpt# 147, nband= 20, wtk=  1.00000, kpt=  0.4634  0.7317  0.7317 (reduced coord)
 -24.11343  -24.11336  -24.11273  -24.09539  -24.09524  -10.20963  -10.12385  -10.12311
 -10.06311  -10.06290   -4.99190   -0.80028    1.46487    3.22119    6.40172    8.95701
   9.22350    9.42466   11.55486   12.21043
 kpt# 148, nband= 20, wtk=  1.00000, kpt=  0.4756  0.7378  0.7378 (reduced coord)
 -24.11348  -24.11332  -24.11278  -24.09537  -24.09528  -10.20837  -10.12434  -10.12405
 -10.06330  -10.06251   -5.03850   -0.73402    1.51629    3.26867    6.41179    8.92791
   9.14056    9.33231   11.49617   12.37553
 kpt# 149, nband= 20, wtk=  1.00000, kpt=  0.4878  0.7439  0.7439 (reduced coord)
 -24.11352  -24.11329  -24.11283  -24.09536  -24.09532  -10.20707  -10.12499  -10.12482
 -10.06347  -10.06216   -5.08601   -0.66448    1.57099    3.31624    6.41881    8.90039
   9.05945    9.24362   11.44101   12.52663
 kpt# 150, nband= 20, wtk=  1.00000, kpt=  0.5000  0.7500  0.7500 (reduced coord)
 -24.11357  -24.11325  -24.11287  -24.09536  -24.09534  -10.20574  -10.12593  -10.12531
 -10.06362  -10.06183   -5.13427   -0.59169    1.62884    3.36380    6.42265    8.87334
   8.98019    9.16017   11.38948   12.65848
 kpt# 151, nband= 20, wtk=  1.00000, kpt=  0.5122  0.7561  0.7561 (reduced coord)
 -24.11362  -24.11323  -24.11292  -24.09540  -24.09533  -10.20437  -10.12688  -10.12581
 -10.06375  -10.06154   -5.18311   -0.51570    1.68968    3.41125    6.42318    8.84424
   8.90280    9.08480   11.34168   12.76590
 kpt# 152, nband= 20, wtk=  1.00000, kpt=  0.5244  0.7622  0.7622 (reduced coord)
 -24.11366  -24.11320  -24.11296  -24.09544  -24.09533  -10.20297  -10.12782  -10.12632
 -10.06386  -10.06128   -5.23238   -0.43657    1.75338    3.45850    6.42034    8.80851
   8.82729    9.02217   11.29769   12.84485
 kpt# 153, nband= 20, wtk=  1.00000, kpt=  0.5366  0.7683  0.7683 (reduced coord)
 -24.11370  -24.11318  -24.11301  -24.09547  -24.09532  -10.20153  -10.12876  -10.12684
 -10.06395  -10.06104   -5.28192   -0.35434    1.81980    3.50546    6.41414    8.75369
   8.76121    8.97723   11.25761   12.89354
 kpt# 154, nband= 20, wtk=  1.00000, kpt=  0.5488  0.7744  0.7744 (reduced coord)
 -24.11374  -24.11317  -24.11305  -24.09550  -24.09532  -10.20005  -10.12970  -10.12738
 -10.06402  -10.06084   -5.33158   -0.26909    1.88881    3.55203    6.40461    8.68201
   8.70173    8.95042   11.22154   12.91293
 kpt# 155, nband= 20, wtk=  1.00000, kpt=  0.5610  0.7805  0.7805 (reduced coord)
 -24.11377  -24.11316  -24.11310  -24.09554  -24.09532  -10.19854  -10.13063  -10.12794
 -10.06408  -10.06066   -5.38122   -0.18086    1.96027    3.59811    6.39184    8.61225
   8.63417    8.93732   11.18956   12.90608
 kpt# 156, nband= 20, wtk=  1.00000, kpt=  0.5732  0.7866  0.7866 (reduced coord)
 -24.11380  -24.11315  -24.11314  -24.09557  -24.09533  -10.19700  -10.13156  -10.12851
 -10.06411  -10.06051   -5.43071   -0.08972    2.03405    3.64360    6.37598    8.54443
   8.56284    8.93322   11.16177   12.87699
 kpt# 157, nband= 20, wtk=  1.00000, kpt=  0.5854  0.7927  0.7927 (reduced coord)
 -24.11383  -24.11319  -24.11315  -24.09560  -24.09533  -10.19541  -10.13248  -10.12911
 -10.06413  -10.06039   -5.47992    0.00426    2.11002    3.68842    6.35720    8.47855
   8.49039    8.93493   11.13825   12.82959
 kpt# 158, nband= 20, wtk=  1.00000, kpt=  0.5976  0.7988  0.7988 (reduced coord)
 -24.11386  -24.11323  -24.11315  -24.09562  -24.09534  -10.19380  -10.13339  -10.12974
 -10.06413  -10.06028   -5.52873    0.10102    2.18802    3.73246    6.33568    8.41463
   8.41825    8.94032   11.11910   12.76722
 kpt# 159, nband= 20, wtk=  1.00000, kpt=  0.6098  0.8049  0.8049 (reduced coord)
 -24.11389  -24.11327  -24.11316  -24.09565  -24.09535  -10.19215  -10.13429  -10.13038
 -10.06411  -10.06020   -5.57702    0.20049    2.26794    3.77564    6.31162    8.34723
   8.35267    8.94782   11.10439   12.69263
 kpt# 160, nband= 20, wtk=  1.00000, kpt=  0.6220  0.8110  0.8110 (reduced coord)
 -24.11391  -24.11331  -24.11317  -24.09567  -24.09537  -10.19048  -10.13518  -10.13106
 -10.06407  -10.06014   -5.62470    0.30261    2.34961    3.81787    6.28526    8.27780
   8.29267    8.95605   11.09420   12.60823
 kpt# 161, nband= 20, wtk=  1.00000, kpt=  0.6341  0.8171  0.8171 (reduced coord)
 -24.11393  -24.11335  -24.11319  -24.09570  -24.09538  -10.18878  -10.13606  -10.13175
 -10.06402  -10.06010   -5.67165    0.40731    2.43290    3.85906    6.25678    8.21025
   8.23464    8.96370   11.08861   12.51641
 kpt# 162, nband= 20, wtk=  1.00000, kpt=  0.6463  0.8232  0.8232 (reduced coord)
 -24.11395  -24.11339  -24.11320  -24.09572  -24.09540  -10.18705  -10.13692  -10.13248
 -10.06396  -10.06007   -5.71778    0.51451    2.51765    3.89915    6.22638    8.14479
   8.17858    8.96946   11.08769   12.41958
 kpt# 163, nband= 20, wtk=  1.00000, kpt=  0.6585  0.8293  0.8293 (reduced coord)
 -24.11397  -24.11343  -24.11323  -24.09574  -24.09541  -10.18531  -10.13777  -10.13323
 -10.06388  -10.06005   -5.76301    0.62416    2.60370    3.93804    6.19424    8.08157
   8.12448    8.97198   11.09150   12.32059
 kpt# 164, nband= 20, wtk=  1.00000, kpt=  0.6707  0.8354  0.8354 (reduced coord)
 -24.11399  -24.11347  -24.11325  -24.09576  -24.09543  -10.18355  -10.13860  -10.13400
 -10.06378  -10.06005   -5.80726    0.73617    2.69089    3.97569    6.16051    8.02071
   8.07236    8.96987   11.10010   12.22222
 kpt# 165, nband= 20, wtk=  1.00000, kpt=  0.6829  0.8415  0.8415 (reduced coord)
 -24.11400  -24.11351  -24.11328  -24.09577  -24.09545  -10.18178  -10.13941  -10.13479
 -10.06368  -10.06006   -5.85044    0.85049    2.77902    4.01202    6.12533    7.96230
   8.02220    8.96178   11.11353   12.12707
 kpt# 166, nband= 20, wtk=  1.00000, kpt=  0.6951  0.8476  0.8476 (reduced coord)
 -24.11401  -24.11355  -24.11331  -24.09579  -24.09548  -10.18001  -10.14021  -10.13560
 -10.06356  -10.06007   -5.89249    0.96703    2.86791    4.04698    6.08877    7.90643
   7.97400    8.94638   11.13185   12.03721
 kpt# 167, nband= 20, wtk=  1.00000, kpt=  0.7073  0.8537  0.8537 (reduced coord)
 -24.11402  -24.11358  -24.11334  -24.09581  -24.09550  -10.17823  -10.14099  -10.13643
 -10.06344  -10.06010   -5.93333    1.08572    2.95736    4.08052    6.05090    7.85317
   7.92777    8.92255   11.15507   11.95422
 kpt# 168, nband= 20, wtk=  1.00000, kpt=  0.7195  0.8598  0.8598 (reduced coord)
 -24.11403  -24.11362  -24.11337  -24.09582  -24.09552  -10.17646  -10.14174  -10.13728
 -10.06331  -10.06013   -5.97292    1.20648    3.04715    4.11261    6.01175    7.80261
   7.88349    8.88938   11.18322   11.87711
 kpt# 169, nband= 20, wtk=  1.00000, kpt=  0.7317  0.8659  0.8659 (reduced coord)
 -24.11403  -24.11365  -24.11341  -24.09583  -24.09555  -10.17470  -10.14247  -10.13813
 -10.06317  -10.06016   -6.01118    1.32922    3.13705    4.14321    5.97129    7.75480
   7.84116    8.84634   11.21633   11.80644
 kpt# 170, nband= 20, wtk=  1.00000, kpt=  0.7439  0.8720  0.8720 (reduced coord)
 -24.11404  -24.11368  -24.11344  -24.09584  -24.09557  -10.17296  -10.14318  -10.13900
 -10.06302  -10.06020   -6.04807    1.45387    3.22680    4.17230    5.92948    7.70982
   7.80078    8.79328   11.25438   11.73219
 kpt# 171, nband= 20, wtk=  1.00000, kpt=  0.7561  0.8780  0.8780 (reduced coord)
 -24.11404  -24.11371  -24.11348  -24.09585  -24.09560  -10.17124  -10.14386  -10.13986
 -10.06287  -10.06023   -6.08353    1.58033    3.31613    4.19986    5.88621    7.66773
   7.76234    8.73054   11.29738   11.65365
 kpt# 172, nband= 20, wtk=  1.00000, kpt=  0.7683  0.8841  0.8841 (reduced coord)
 -24.11405  -24.11374  -24.11352  -24.09586  -24.09562  -10.16955  -10.14452  -10.14073
 -10.06271  -10.06027   -6.11753    1.70851    3.40476    4.22588    5.84134    7.62858
   7.72583    8.65886   11.34531   11.56513
 kpt# 173, nband= 20, wtk=  1.00000, kpt=  0.7805  0.8902  0.8902 (reduced coord)
 -24.11405  -24.11377  -24.11356  -24.09587  -24.09565  -10.16789  -10.14515  -10.14158
 -10.06256  -10.06031   -6.15001    1.83830    3.49236    4.25037    5.79468    7.59244
   7.69125    8.57935   11.39814   11.46685
 kpt# 174, nband= 20, wtk=  1.00000, kpt=  0.7927  0.8963  0.8963 (reduced coord)
 -24.11405  -24.11379  -24.11360  -24.09588  -24.09567  -10.16628  -10.14576  -10.14243
 -10.06240  -10.06035   -6.18094    1.96959    3.57861    4.27332    5.74599    7.55935
   7.65859    8.49339   11.36152   11.45584
 kpt# 175, nband= 20, wtk=  1.00000, kpt=  0.8049  0.9024  0.9024 (reduced coord)
 -24.11405  -24.11382  -24.11364  -24.09588  -24.09570  -10.16472  -10.14633  -10.14327
 -10.06224  -10.06039   -6.21028    2.10225    3.66315    4.29475    5.69498    7.52935
   7.62785    8.40254   11.25197   11.51837
 kpt# 176, nband= 20, wtk=  1.00000, kpt=  0.8171  0.9085  0.9085 (reduced coord)
 -24.11405  -24.11384  -24.11368  -24.09589  -24.09572  -10.16321  -10.14688  -10.14408
 -10.06209  -10.06043   -6.23800    2.23617    3.74560    4.31468    5.64132    7.50247
   7.59901    8.30841   11.14041   11.58567
 kpt# 177, nband= 20, wtk=  1.00000, kpt=  0.8293  0.9146  0.9146 (reduced coord)
 -24.11405  -24.11387  -24.11372  -24.09590  -24.09574  -10.16176  -10.14739  -10.14487
 -10.06194  -10.06047   -6.26406    2.37118    3.82556    4.33312    5.58465    7.47871
   7.57206    8.21268   11.02856   11.65796
 kpt# 178, nband= 20, wtk=  1.00000, kpt=  0.8415  0.9207  0.9207 (reduced coord)
 -24.11404  -24.11389  -24.11375  -24.09590  -24.09577  -10.16038  -10.14787  -10.14563
 -10.06179  -10.06050   -6.28845    2.50714    3.90262    4.35010    5.52458    7.45807
   7.54701    8.11694   10.91777   11.73432
 kpt# 179, nband= 20, wtk=  1.00000, kpt=  0.8537  0.9268  0.9268 (reduced coord)
 -24.11404  -24.11391  -24.11379  -24.09590  -24.09579  -10.15907  -10.14833  -10.14636
 -10.06165  -10.06054   -6.31112    2.64386    3.97633    4.36565    5.46070    7.44049
   7.52385    8.02273   10.80922   11.81552
 kpt# 180, nband= 20, wtk=  1.00000, kpt=  0.8659  0.9329  0.9329 (reduced coord)
 -24.11404  -24.11392  -24.11382  -24.09591  -24.09581  -10.15785  -10.14874  -10.14705
 -10.06152  -10.06057   -6.33207    2.78113    4.04627    4.37980    5.39263    7.42589
   7.50256    7.93148   10.70400   11.90116
 kpt# 181, nband= 20, wtk=  1.00000, kpt=  0.8780  0.9390  0.9390 (reduced coord)
 -24.11404  -24.11394  -24.11385  -24.09591  -24.09583  -10.15671  -10.14913  -10.14769
 -10.06139  -10.06060   -6.35126    2.91874    4.11197    4.39258    5.31999    7.41415
   7.48315    7.84450   10.60315   11.99189
 kpt# 182, nband= 20, wtk=  1.00000, kpt=  0.8902  0.9451  0.9451 (reduced coord)
 -24.11403  -24.11395  -24.11388  -24.09591  -24.09584  -10.15566  -10.14948  -10.14829
 -10.06127  -10.06062   -6.36868    3.05640    4.17301    4.40403    5.24249    7.40507
   7.46560    7.76296   10.50767   12.08622
 kpt# 183, nband= 20, wtk=  1.00000, kpt=  0.9024  0.9512  0.9512 (reduced coord)
 -24.11403  -24.11397  -24.11391  -24.09592  -24.09586  -10.15470  -10.14979  -10.14883
 -10.06116  -10.06065   -6.38431    3.19380    4.22895    4.41416    5.15995    7.39843
   7.44992    7.68789   10.41857   12.18370
 kpt# 184, nband= 20, wtk=  1.00000, kpt=  0.9146  0.9573  0.9573 (reduced coord)
 -24.11403  -24.11398  -24.11394  -24.09592  -24.09588  -10.15385  -10.15007  -10.14932
 -10.06107  -10.06067   -6.39814    3.33056    4.27938    4.42303    5.07232    7.39393
   7.43609    7.62013   10.33685   12.28588
 kpt# 185, nband= 20, wtk=  1.00000, kpt=  0.9268  0.9634  0.9634 (reduced coord)
 -24.11403  -24.11399  -24.11396  -24.09592  -24.09589  -10.15310  -10.15031  -10.14976
 -10.06098  -10.06068   -6.41015    3.46617    4.32392    4.43064    4.97973    7.39123
   7.42411    7.56037   10.26348   12.39384
 kpt# 186, nband= 20, wtk=  1.00000, kpt=  0.9390  0.9695  0.9695 (reduced coord)
 -24.11402  -24.11400  -24.11398  -24.09592  -24.09590  -10.15246  -10.15052  -10.15013
 -10.06091  -10.06070   -6.42033    3.59997    4.36222    4.43704    4.88260    7.38992
   7.41398    7.50915   10.19943   12.50232
 kpt# 187, nband= 20, wtk=  1.00000, kpt=  0.9512  0.9756  0.9756 (reduced coord)
 -24.11402  -24.11401  -24.11399  -24.09592  -24.09591  -10.15194  -10.15069  -10.15043
 -10.06085  -10.06071   -6.42867    3.73091    4.39398    4.44224    4.78179    7.38962
   7.40570    7.46686   10.14559   12.61453
 kpt# 188, nband= 20, wtk=  1.00000, kpt=  0.9634  0.9817  0.9817 (reduced coord)
 -24.11402  -24.11401  -24.11400  -24.09592  -24.09592  -10.15152  -10.15082  -10.15068
 -10.06080  -10.06072   -6.43517    3.85713    4.41895    4.44626    4.67905    7.38990
   7.39927    7.43376   10.10276   12.72881
 kpt# 189, nband= 20, wtk=  1.00000, kpt=  0.9756  0.9878  0.9878 (reduced coord)
 -24.11402  -24.11402  -24.11401  -24.09592  -24.09592  -10.15123  -10.15091  -10.15085
 -10.06076  -10.06073   -6.43982    3.97454    4.43694    4.44912    4.57844    7.39040
   7.39467    7.41003   10.07164   12.83490
 kpt# 190, nband= 20, wtk=  1.00000, kpt=  0.9878  0.9939  0.9939 (reduced coord)
 -24.11402  -24.11402  -24.11402  -24.09593  -24.09592  -10.15105  -10.15097  -10.15095
 -10.06074  -10.06073   -6.44261    4.07160    4.44778    4.45084    4.49146    7.39083
   7.39191    7.39576   10.05274   12.93550
 kpt# 191, nband= 20, wtk=  1.00000, kpt=  1.0000  1.0000  1.0000 (reduced coord)
 -24.11402  -24.11402  -24.11402  -24.09593  -24.09593  -10.15099  -10.15099  -10.15099
 -10.06074  -10.06074   -6.44354    4.11501    4.45141    4.45141    4.45141    7.39099
   7.39099    7.39099   10.04641   12.97964
