 Fermi (or HOMO) energy (hartree) =   0.16129   Average Vxc (hartree)=  -0.34920
 Eigenvalues (hartree) for nkpt=  60  k points:
 kpt#   1, nband= 15, wtk=  0.01172, kpt= -0.0625 -0.1250  0.0000 (reduced coord)
  -0.88635   -0.88634   -0.88634   -0.88568   -0.88568   -0.37333   -0.37285   -0.37283
  -0.36972   -0.36965   -0.23199    0.09802    0.15011    0.15207    0.20491
 kpt#   2, nband= 15, wtk=  0.01172, kpt= -0.0625 -0.2500  0.0000 (reduced coord)
  -0.88635   -0.88633   -0.88633   -0.88568   -0.88567   -0.37396   -0.37260   -0.37254
  -0.36976   -0.36964   -0.21856    0.03593    0.13500    0.13732    0.20678
 kpt#   3, nband= 15, wtk=  0.01172, kpt= -0.1250 -0.1875  0.0000 (reduced coord)
  -0.88636   -0.88633   -0.88633   -0.88569   -0.88567   -0.37381   -0.37261   -0.37259
  -0.36981   -0.36961   -0.22503    0.06741    0.13403    0.13424    0.22796
 kpt#   4, nband= 15, wtk=  0.02344, kpt= -0.0625 -0.1875  0.0625 (reduced coord)
  -0.88635   -0.88633   -0.88633   -0.88568   -0.88567   -0.37388   -0.37264   -0.37254
  -0.36978   -0.36963   -0.22174    0.05144    0.12236    0.14482    0.22157
 kpt#   5, nband= 15, wtk=  0.01172, kpt= -0.0625 -0.3750  0.0000 (reduced coord)
  -0.88635   -0.88632   -0.88631   -0.88567   -0.88566   -0.37465   -0.37234   -0.37228
  -0.36973   -0.36962   -0.19895   -0.01828    0.12222    0.12497    0.19761
 kpt#   6, nband= 15, wtk=  0.01172, kpt= -0.1250 -0.3125  0.0000 (reduced coord)
  -0.88636   -0.88632   -0.88631   -0.88568   -0.88566   -0.37446   -0.37236   -0.37228
  -0.36986   -0.36959   -0.20908    0.01325    0.11497    0.12076    0.22496
 kpt#   7, nband= 15, wtk=  0.02344, kpt= -0.0625 -0.3125  0.0625 (reduced coord)
  -0.88635   -0.88632   -0.88631   -0.88567   -0.88566   -0.37456   -0.37236   -0.37226
  -0.36979   -0.36961   -0.20361   -0.00305    0.10505    0.13064    0.21597
 kpt#   8, nband= 15, wtk=  0.01172, kpt= -0.1875 -0.2500  0.0000 (reduced coord)
  -0.88637   -0.88631   -0.88631   -0.88569   -0.88565   -0.37442   -0.37230   -0.37228
  -0.36994   -0.36956   -0.21495    0.03694    0.11606    0.11765    0.22795
 kpt#   9, nband= 15, wtk=  0.02344, kpt= -0.1250 -0.2500  0.0625 (reduced coord)
  -0.88636   -0.88632   -0.88631   -0.88568   -0.88566   -0.37443   -0.37235   -0.37227
  -0.36990   -0.36958   -0.21193    0.02545    0.10538    0.12582    0.23616
 kpt#  10, nband= 15, wtk=  0.02344, kpt= -0.0625 -0.2500  0.1250 (reduced coord)
  -0.88635   -0.88632   -0.88631   -0.88568   -0.88566   -0.37452   -0.37236   -0.37223
  -0.36983   -0.36962   -0.20608    0.00904    0.08981    0.13399    0.23388
 kpt#  11, nband= 15, wtk=  0.01172, kpt= -0.0625  0.5000  0.0000 (reduced coord)
  -0.88634   -0.88631   -0.88631   -0.88566   -0.88566   -0.37500   -0.37221   -0.37218
  -0.36966   -0.36962   -0.18497   -0.04670    0.11339    0.12307    0.19268
 kpt#  12, nband= 15, wtk=  0.01172, kpt= -0.1250 -0.4375  0.0000 (reduced coord)
  -0.88635   -0.88631   -0.88630   -0.88567   -0.88565   -0.37498   -0.37218   -0.37209
  -0.36980   -0.36958   -0.18973   -0.03178    0.09802    0.11548    0.21699
 kpt#  13, nband= 15, wtk=  0.02344, kpt= -0.0625 -0.4375  0.0625 (reduced coord)
  -0.88634   -0.88631   -0.88630   -0.88566   -0.88566   -0.37502   -0.37218   -0.37212
  -0.36972   -0.36962   -0.18586   -0.04108    0.09733    0.12073    0.21001
 kpt#  14, nband= 15, wtk=  0.01172, kpt= -0.1875 -0.3750  0.0000 (reduced coord)
  -0.88637   -0.88630   -0.88630   -0.88568   -0.88564   -0.37498   -0.37208   -0.37199
  -0.36998   -0.36954   -0.19730   -0.00825    0.09277    0.10780    0.23027
 kpt#  15, nband= 15, wtk=  0.02344, kpt= -0.1250 -0.3750  0.0625 (reduced coord)
  -0.88635   -0.88631   -0.88630   -0.88568   -0.88565   -0.37498   -0.37214   -0.37203
  -0.36989   -0.36957   -0.19292   -0.02030    0.08704    0.11411    0.23117
 kpt#  16, nband= 15, wtk=  0.02344, kpt= -0.0625 -0.3750  0.1250 (reduced coord)
  -0.88634   -0.88632   -0.88630   -0.88567   -0.88565   -0.37504   -0.37213   -0.37204
  -0.36979   -0.36964   -0.18708   -0.03186    0.07687    0.11931    0.22978
 kpt#  17, nband= 15, wtk=  0.01172, kpt= -0.2500 -0.3125  0.0000 (reduced coord)
  -0.88638   -0.88630   -0.88630   -0.88569   -0.88564   -0.37504   -0.37195   -0.37193
  -0.37010   -0.36951   -0.20224    0.00758    0.10013    0.10319    0.21858
 kpt#  18, nband= 15, wtk=  0.02344, kpt= -0.1875 -0.3125  0.0625 (reduced coord)
  -0.88637   -0.88630   -0.88630   -0.88569   -0.88564   -0.37500   -0.37203   -0.37196
  -0.37004   -0.36953   -0.19964    0.00020    0.09033    0.10770    0.23339
 kpt#  19, nband= 15, wtk=  0.02344, kpt= -0.1250 -0.3125  0.1250 (reduced coord)
  -0.88636   -0.88631   -0.88630   -0.88568   -0.88565   -0.37499   -0.37211   -0.37198
  -0.36994   -0.36958   -0.19470   -0.01134    0.07608    0.11441    0.24793
 kpt#  20, nband= 15, wtk=  0.02344, kpt= -0.0625 -0.3125  0.1875 (reduced coord)
  -0.88634   -0.88632   -0.88630   -0.88567   -0.88565   -0.37506   -0.37209   -0.37198
  -0.36983   -0.36966   -0.18791   -0.02380    0.06255    0.11848    0.24168
 kpt#  21, nband= 15, wtk=  0.01172, kpt= -0.0625  0.3750  0.0000 (reduced coord)
  -0.88634   -0.88631   -0.88631   -0.88566   -0.88566   -0.37481   -0.37227   -0.37224
  -0.36968   -0.36963   -0.19272   -0.03167    0.11307    0.12955    0.19443
 kpt#  22, nband= 15, wtk=  0.01172, kpt= -0.1250  0.4375  0.0000 (reduced coord)
  -0.88634   -0.88631   -0.88630   -0.88566   -0.88566   -0.37511   -0.37212   -0.37208
  -0.36970   -0.36965   -0.18222   -0.04591    0.08918    0.11942    0.21399
 kpt#  23, nband= 15, wtk=  0.01172, kpt= -0.1875  0.5000  0.0000 (reduced coord)
  -0.88635   -0.88631   -0.88629   -0.88567   -0.88565   -0.37528   -0.37200   -0.37188
  -0.36989   -0.36958   -0.18035   -0.04144    0.07413    0.10741    0.22703
 kpt#  24, nband= 15, wtk=  0.02344, kpt= -0.1250  0.5000  0.0625 (reduced coord)
  -0.88634   -0.88631   -0.88630   -0.88567   -0.88565   -0.37522   -0.37206   -0.37195
  -0.36979   -0.36962   -0.17954   -0.04565    0.07727    0.11129    0.22773
 kpt#  25, nband= 15, wtk=  0.01172, kpt= -0.2500 -0.4375  0.0000 (reduced coord)
  -0.88637   -0.88629   -0.88628   -0.88569   -0.88563   -0.37545   -0.37181   -0.37171
  -0.37011   -0.36951   -0.18430   -0.02794    0.07421    0.09733    0.22509
 kpt#  26, nband= 15, wtk=  0.02344, kpt= -0.1875 -0.4375  0.0625 (reduced coord)
  -0.88636   -0.88630   -0.88629   -0.88568   -0.88564   -0.37537   -0.37193   -0.37177
  -0.36999   -0.36955   -0.18147   -0.03494    0.06951    0.10069    0.23438
 kpt#  27, nband= 15, wtk=  0.02344, kpt= -0.1250 -0.4375  0.1250 (reduced coord)
  -0.88634   -0.88632   -0.88629   -0.88567   -0.88565   -0.37533   -0.37200   -0.37180
  -0.36987   -0.36963   -0.17805   -0.04157    0.06393    0.10343    0.24535
 kpt#  28, nband= 15, wtk=  0.02344, kpt= -0.0625 -0.4375  0.1875 (reduced coord)
  -0.88634   -0.88632   -0.88629   -0.88567   -0.88565   -0.37538   -0.37196   -0.37179
  -0.36985   -0.36965   -0.17485   -0.04583    0.05838    0.10494    0.23640
 kpt#  29, nband= 15, wtk=  0.01172, kpt= -0.3125 -0.3750  0.0000 (reduced coord)
  -0.88639   -0.88628   -0.88628   -0.88570   -0.88563   -0.37559   -0.37163   -0.37161
  -0.37026   -0.36946   -0.18788   -0.01952    0.08757    0.09171    0.21179
 kpt#  30, nband= 15, wtk=  0.02344, kpt= -0.2500 -0.3750  0.0625 (reduced coord)
  -0.88638   -0.88629   -0.88628   -0.88569   -0.88563   -0.37552   -0.37173   -0.37165
  -0.37018   -0.36949   -0.18589   -0.02333    0.07823    0.09308    0.22671
 kpt#  31, nband= 15, wtk=  0.02344, kpt= -0.1875 -0.3750  0.1250 (reduced coord)
  -0.88636   -0.88630   -0.88628   -0.88568   -0.88564   -0.37542   -0.37188   -0.37169
  -0.37005   -0.36955   -0.18223   -0.02984    0.06580    0.09554    0.25016
 kpt#  32, nband= 15, wtk=  0.02344, kpt= -0.1250 -0.3750  0.1875 (reduced coord)
  -0.88634   -0.88632   -0.88628   -0.88567   -0.88564   -0.37539   -0.37195   -0.37171
  -0.36993   -0.36964   -0.17747   -0.03732    0.05439    0.09924    0.25775
 kpt#  33, nband= 15, wtk=  0.02344, kpt= -0.0625 -0.3750  0.2500 (reduced coord)
  -0.88634   -0.88632   -0.88628   -0.88567   -0.88564   -0.37547   -0.37189   -0.37169
  -0.36990   -0.36968   -0.17242   -0.04418    0.04658    0.10175    0.23784
 kpt#  34, nband= 15, wtk=  0.01172, kpt= -0.0625  0.2500  0.0000 (reduced coord)
  -0.88635   -0.88633   -0.88632   -0.88567   -0.88567   -0.37419   -0.37252   -0.37244
  -0.36974   -0.36965   -0.21238    0.01618    0.12186    0.14260    0.20185
 kpt#  35, nband= 15, wtk=  0.01172, kpt= -0.1250  0.3125  0.0000 (reduced coord)
  -0.88634   -0.88631   -0.88631   -0.88567   -0.88566   -0.37476   -0.37226   -0.37219
  -0.36974   -0.36965   -0.19600   -0.01873    0.09093    0.13140    0.21701
 kpt#  36, nband= 15, wtk=  0.01172, kpt= -0.1875  0.3750  0.0000 (reduced coord)
  -0.88634   -0.88632   -0.88630   -0.88566   -0.88565   -0.37519   -0.37203   -0.37198
  -0.36975   -0.36970   -0.18070   -0.04069    0.06665    0.11647    0.22860
 kpt#  37, nband= 15, wtk=  0.01172, kpt= -0.2500  0.4375  0.0000 (reduced coord)
  -0.88635   -0.88630   -0.88629   -0.88568   -0.88564   -0.37552   -0.37184   -0.37170
  -0.36996   -0.36960   -0.17249   -0.04710    0.05495    0.10160    0.22705
 kpt#  38, nband= 15, wtk=  0.01172, kpt= -0.3125  0.5000  0.0000 (reduced coord)
  -0.88638   -0.88628   -0.88627   -0.88569   -0.88563   -0.37580   -0.37159   -0.37148
  -0.37021   -0.36949   -0.17204   -0.04440    0.06105    0.09004    0.21922
 kpt#  39, nband= 15, wtk=  0.02344, kpt= -0.2500  0.5000  0.0625 (reduced coord)
  -0.88636   -0.88630   -0.88628   -0.88568   -0.88563   -0.37566   -0.37175   -0.37156
  -0.37007   -0.36956   -0.17116   -0.04624    0.05540    0.09182    0.23098
 kpt#  40, nband= 15, wtk=  0.02344, kpt= -0.1875  0.5000  0.1250 (reduced coord)
  -0.88634   -0.88632   -0.88628   -0.88567   -0.88564   -0.37555   -0.37188   -0.37160
  -0.36995   -0.36963   -0.17052   -0.04762    0.05311    0.09072    0.25285
 kpt#  41, nband= 15, wtk=  0.01172, kpt= -0.3750 -0.4375  0.0000 (reduced coord)
  -0.88640   -0.88627   -0.88627   -0.88570   -0.88562   -0.37600   -0.37138   -0.37136
  -0.37038   -0.36942   -0.17382   -0.04222    0.07896    0.08380    0.20884
 kpt#  42, nband= 15, wtk=  0.02344, kpt= -0.3125 -0.4375  0.0625 (reduced coord)
  -0.88639   -0.88628   -0.88627   -0.88569   -0.88562   -0.37590   -0.37150   -0.37140
  -0.37029   -0.36946   -0.17265   -0.04318    0.06974    0.08306    0.22218
 kpt#  43, nband= 15, wtk=  0.02344, kpt= -0.2500 -0.4375  0.1250 (reduced coord)
  -0.88637   -0.88630   -0.88627   -0.88569   -0.88563   -0.37575   -0.37170   -0.37146
  -0.37014   -0.36954   -0.17062   -0.04507    0.05942    0.08083    0.24676
 kpt#  44, nband= 15, wtk=  0.02344, kpt= -0.1875 -0.4375  0.1875 (reduced coord)
  -0.88634   -0.88632   -0.88627   -0.88568   -0.88564   -0.37565   -0.37183   -0.37149
  -0.37001   -0.36963   -0.16827   -0.04763    0.05096    0.08100    0.27182
 kpt#  45, nband= 15, wtk=  0.02344, kpt= -0.1250 -0.4375  0.2500 (reduced coord)
  -0.88634   -0.88632   -0.88627   -0.88568   -0.88564   -0.37567   -0.37181   -0.37148
  -0.37000   -0.36965   -0.16618   -0.05034    0.04652    0.08409    0.25329
 kpt#  46, nband= 15, wtk=  0.02344, kpt= -0.0625 -0.4375  0.3125 (reduced coord)
  -0.88637   -0.88629   -0.88627   -0.88568   -0.88563   -0.37582   -0.37165   -0.37143
  -0.37012   -0.36957   -0.16474   -0.05273    0.04754    0.08745    0.22819
 kpt#  47, nband= 15, wtk=  0.01172, kpt= -0.0625  0.1250  0.0000 (reduced coord)
  -0.88635   -0.88634   -0.88634   -0.88568   -0.88567   -0.37348   -0.37282   -0.37273
  -0.36972   -0.36966   -0.22853    0.07706    0.13909    0.15698    0.20534
 kpt#  48, nband= 15, wtk=  0.01172, kpt= -0.1250  0.1875  0.0000 (reduced coord)
  -0.88635   -0.88633   -0.88632   -0.88568   -0.88567   -0.37411   -0.37257   -0.37241
  -0.36977   -0.36965   -0.21530    0.03045    0.10596    0.14723    0.22108
 kpt#  49, nband= 15, wtk=  0.01172, kpt= -0.1875  0.2500  0.0000 (reduced coord)
  -0.88634   -0.88632   -0.88631   -0.88567   -0.88566   -0.37474   -0.37225   -0.37215
  -0.36979   -0.36966   -0.19784   -0.00801    0.07476    0.13226    0.23260
 kpt#  50, nband= 15, wtk=  0.01172, kpt= -0.2500  0.3125  0.0000 (reduced coord)
  -0.88633   -0.88632   -0.88630   -0.88566   -0.88565   -0.37524   -0.37197   -0.37191
  -0.36978   -0.36974   -0.18011   -0.03514    0.05224    0.11484    0.23365
 kpt#  51, nband= 15, wtk=  0.01172, kpt= -0.3125  0.3750  0.0000 (reduced coord)
  -0.88635   -0.88630   -0.88628   -0.88568   -0.88564   -0.37564   -0.37175   -0.37159
  -0.37000   -0.36962   -0.16795   -0.04942    0.04402    0.09857    0.22521
 kpt#  52, nband= 15, wtk=  0.01172, kpt= -0.3750  0.4375  0.0000 (reduced coord)
  -0.88638   -0.88628   -0.88627   -0.88569   -0.88562   -0.37599   -0.37148   -0.37135
  -0.37026   -0.36949   -0.16398   -0.05452    0.05427    0.08630    0.21587
 kpt#  53, nband= 15, wtk=  0.01172, kpt= -0.4375  0.5000  0.0000 (reduced coord)
  -0.88640   -0.88626   -0.88626   -0.88570   -0.88561   -0.37622   -0.37124   -0.37122
  -0.37045   -0.36940   -0.16412   -0.05629    0.07459    0.07977    0.20946
 kpt#  54, nband= 15, wtk=  0.02344, kpt= -0.3750  0.5000  0.0625 (reduced coord)
  -0.88639   -0.88627   -0.88626   -0.88570   -0.88562   -0.37610   -0.37138   -0.37127
  -0.37035   -0.36945   -0.16370   -0.05548    0.06534    0.07802    0.22023
 kpt#  55, nband= 15, wtk=  0.02344, kpt= -0.3125  0.5000  0.1250 (reduced coord)
  -0.88637   -0.88629   -0.88626   -0.88569   -0.88562   -0.37592   -0.37159   -0.37134
  -0.37019   -0.36954   -0.16310   -0.05429    0.05675    0.07251    0.24441
 kpt#  56, nband= 15, wtk=  0.02344, kpt= -0.2500  0.5000  0.1875 (reduced coord)
  -0.88635   -0.88632   -0.88626   -0.88568   -0.88563   -0.37579   -0.37175   -0.37137
  -0.37005   -0.36963   -0.16267   -0.05342    0.05185    0.06830    0.27531
 kpt#  57, nband= 15, wtk=  0.00391, kpt= -0.0625  0.0000  0.0000 (reduced coord)
  -0.88635   -0.88635   -0.88635   -0.88568   -0.88568   -0.37307   -0.37296   -0.37296
  -0.36967   -0.36967   -0.23554    0.12545    0.16129    0.16129    0.18266
 kpt#  58, nband= 15, wtk=  0.00391, kpt= -0.1875  0.0000  0.0000 (reduced coord)
  -0.88635   -0.88634   -0.88634   -0.88568   -0.88568   -0.37362   -0.37272   -0.37272
  -0.36969   -0.36969   -0.22515    0.05871    0.14832    0.14832    0.19600
 kpt#  59, nband= 15, wtk=  0.00391, kpt= -0.3125  0.0000  0.0000 (reduced coord)
  -0.88635   -0.88632   -0.88632   -0.88567   -0.88567   -0.37437   -0.37243   -0.37243
  -0.36968   -0.36968   -0.20677   -0.00171    0.13458    0.13458    0.18695
 kpt#  60, nband= 15, wtk=  0.00391, kpt= -0.4375  0.0000  0.0000 (reduced coord)
  -0.88635   -0.88631   -0.88631   -0.88566   -0.88566   -0.37490   -0.37225   -0.37225
  -0.36963   -0.36963   -0.18873   -0.04174    0.12667    0.12667    0.18026
