 Eigenvalues (hartree) for nkpt= 128  k points:
 kpt#   1, nband= 14, wtk=  0.00781, kpt= -0.1250 -0.2500  0.0000 (reduced coord)
  -0.88612   -0.88608   -0.88608   -0.88544   -0.88542   -0.37411   -0.37247   -0.37242
  -0.36983   -0.36959   -0.21786    0.04067    0.12508    0.12673
 kpt#   2, nband= 14, wtk=  0.00781, kpt= -0.2500 -0.1250  0.0000 (reduced coord)
  -0.88612   -0.88608   -0.88608   -0.88544   -0.88542   -0.37411   -0.37247   -0.37242
  -0.36983   -0.36959   -0.21786    0.04067    0.12508    0.12673
 kpt#   3, nband= 14, wtk=  0.00781, kpt= -0.1250 -0.1250  0.1250 (reduced coord)
  -0.88612   -0.88608   -0.88608   -0.88544   -0.88542   -0.37411   -0.37247   -0.37242
  -0.36983   -0.36959   -0.21786    0.04067    0.12508    0.12673
 kpt#   4, nband= 14, wtk=  0.00781, kpt= -0.1250  0.5000  0.0000 (reduced coord)
  -0.88610   -0.88607   -0.88606   -0.88542   -0.88541   -0.37509   -0.37212   -0.37205
  -0.36974   -0.36959   -0.18307   -0.04405    0.09253    0.11646
 kpt#   5, nband= 14, wtk=  0.00781, kpt= -0.2500 -0.3750  0.0000 (reduced coord)
  -0.88614   -0.88605   -0.88605   -0.88545   -0.88539   -0.37527   -0.37183   -0.37178
  -0.37012   -0.36948   -0.19332   -0.01077    0.08747    0.09915
 kpt#   6, nband= 14, wtk=  0.00781, kpt= -0.1250 -0.3750  0.1250 (reduced coord)
  -0.88611   -0.88607   -0.88605   -0.88543   -0.88540   -0.37518   -0.37202   -0.37186
  -0.36990   -0.36958   -0.18525   -0.02871    0.06832    0.10806
 kpt#   7, nband= 14, wtk=  0.00781, kpt= -0.3750 -0.2500  0.0000 (reduced coord)
  -0.88614   -0.88605   -0.88605   -0.88545   -0.88539   -0.37527   -0.37183   -0.37178
  -0.37012   -0.36948   -0.19332   -0.01077    0.08747    0.09915
 kpt#   8, nband= 14, wtk=  0.00781, kpt= -0.2500 -0.2500  0.1250 (reduced coord)
  -0.88614   -0.88605   -0.88605   -0.88545   -0.88539   -0.37527   -0.37183   -0.37178
  -0.37012   -0.36948   -0.19332   -0.01077    0.08747    0.09915
 kpt#   9, nband= 14, wtk=  0.00781, kpt= -0.1250 -0.2500  0.2500 (reduced coord)
  -0.88611   -0.88607   -0.88605   -0.88543   -0.88540   -0.37518   -0.37202   -0.37186
  -0.36990   -0.36958   -0.18525   -0.02871    0.06832    0.10806
 kpt#  10, nband= 14, wtk=  0.00781, kpt=  0.5000 -0.1250  0.0000 (reduced coord)
  -0.88610   -0.88607   -0.88606   -0.88542   -0.88541   -0.37509   -0.37212   -0.37205
  -0.36974   -0.36959   -0.18307   -0.04405    0.09253    0.11646
 kpt#  11, nband= 14, wtk=  0.00781, kpt= -0.3750 -0.1250  0.1250 (reduced coord)
  -0.88611   -0.88607   -0.88605   -0.88543   -0.88540   -0.37518   -0.37202   -0.37186
  -0.36990   -0.36958   -0.18525   -0.02871    0.06832    0.10806
 kpt#  12, nband= 14, wtk=  0.00781, kpt= -0.2500 -0.1250  0.2500 (reduced coord)
  -0.88611   -0.88607   -0.88605   -0.88543   -0.88540   -0.37518   -0.37202   -0.37186
  -0.36990   -0.36958   -0.18525   -0.02871    0.06832    0.10806
 kpt#  13, nband= 14, wtk=  0.00781, kpt= -0.1250 -0.1250  0.3750 (reduced coord)
  -0.88610   -0.88607   -0.88606   -0.88542   -0.88541   -0.37509   -0.37212   -0.37205
  -0.36974   -0.36959   -0.18307   -0.04405    0.09253    0.11646
 kpt#  14, nband= 14, wtk=  0.00781, kpt= -0.1250  0.2500  0.0000 (reduced coord)
  -0.88610   -0.88608   -0.88607   -0.88543   -0.88542   -0.37444   -0.37240   -0.37227
  -0.36976   -0.36963   -0.20583    0.00473    0.09663    0.13944
 kpt#  15, nband= 14, wtk=  0.00781, kpt= -0.2500  0.3750  0.0000 (reduced coord)
  -0.88610   -0.88607   -0.88605   -0.88543   -0.88540   -0.37540   -0.37188   -0.37176
  -0.36985   -0.36966   -0.17376   -0.04466    0.05114    0.10742
 kpt#  16, nband= 14, wtk=  0.00781, kpt= -0.1250  0.3750  0.1250 (reduced coord)
  -0.88611   -0.88607   -0.88605   -0.88543   -0.88540   -0.37518   -0.37202   -0.37186
  -0.36990   -0.36958   -0.18525   -0.02871    0.06832    0.10806
 kpt#  17, nband= 14, wtk=  0.00781, kpt= -0.3750  0.5000  0.0000 (reduced coord)
  -0.88615   -0.88603   -0.88602   -0.88545   -0.88537   -0.37603   -0.37137   -0.37130
  -0.37034   -0.36943   -0.16740   -0.05053    0.06675    0.08385
 kpt#  18, nband= 14, wtk=  0.00781, kpt= -0.2500  0.5000  0.1250 (reduced coord)
  -0.88611   -0.88606   -0.88602   -0.88544   -0.88539   -0.37573   -0.37173   -0.37143
  -0.37006   -0.36958   -0.16605   -0.05045    0.05132    0.08060
 kpt#  19, nband= 14, wtk=  0.00781, kpt= -0.1250  0.5000  0.2500 (reduced coord)
  -0.88611   -0.88606   -0.88602   -0.88544   -0.88539   -0.37573   -0.37173   -0.37143
  -0.37006   -0.36958   -0.16605   -0.05045    0.05132    0.08060
 kpt#  20, nband= 14, wtk=  0.00781, kpt=  0.5000 -0.3750  0.0000 (reduced coord)
  -0.88615   -0.88603   -0.88602   -0.88545   -0.88537   -0.37603   -0.37137   -0.37130
  -0.37034   -0.36943   -0.16740   -0.05053    0.06675    0.08385
 kpt#  21, nband= 14, wtk=  0.00781, kpt= -0.3750 -0.3750  0.1250 (reduced coord)
  -0.88615   -0.88603   -0.88602   -0.88545   -0.88537   -0.37603   -0.37137   -0.37130
  -0.37034   -0.36943   -0.16740   -0.05053    0.06675    0.08385
 kpt#  22, nband= 14, wtk=  0.00781, kpt= -0.2500 -0.3750  0.2500 (reduced coord)
  -0.88611   -0.88606   -0.88602   -0.88544   -0.88539   -0.37573   -0.37173   -0.37143
  -0.37006   -0.36958   -0.16605   -0.05045    0.05132    0.08060
 kpt#  23, nband= 14, wtk=  0.00781, kpt= -0.1250 -0.3750  0.3750 (reduced coord)
  -0.88611   -0.88606   -0.88602   -0.88544   -0.88539   -0.37573   -0.37173   -0.37143
  -0.37006   -0.36958   -0.16605   -0.05045    0.05132    0.08060
 kpt#  24, nband= 14, wtk=  0.00781, kpt=  0.3750 -0.2500  0.0000 (reduced coord)
  -0.88610   -0.88607   -0.88605   -0.88543   -0.88540   -0.37540   -0.37188   -0.37176
  -0.36985   -0.36966   -0.17376   -0.04466    0.05114    0.10742
 kpt#  25, nband= 14, wtk=  0.00781, kpt=  0.5000 -0.2500  0.1250 (reduced coord)
  -0.88611   -0.88606   -0.88602   -0.88544   -0.88539   -0.37573   -0.37173   -0.37143
  -0.37006   -0.36958   -0.16605   -0.05045    0.05132    0.08060
 kpt#  26, nband= 14, wtk=  0.00781, kpt= -0.3750 -0.2500  0.2500 (reduced coord)
  -0.88611   -0.88606   -0.88602   -0.88544   -0.88539   -0.37573   -0.37173   -0.37143
  -0.37006   -0.36958   -0.16605   -0.05045    0.05132    0.08060
 kpt#  27, nband= 14, wtk=  0.00781, kpt= -0.2500 -0.2500  0.3750 (reduced coord)
  -0.88610   -0.88607   -0.88605   -0.88543   -0.88540   -0.37540   -0.37188   -0.37176
  -0.36985   -0.36966   -0.17376   -0.04466    0.05114    0.10742
 kpt#  28, nband= 14, wtk=  0.00781, kpt= -0.1250 -0.2500  0.5000 (reduced coord)
  -0.88611   -0.88607   -0.88605   -0.88543   -0.88540   -0.37518   -0.37202   -0.37186
  -0.36990   -0.36958   -0.18525   -0.02871    0.06832    0.10806
 kpt#  29, nband= 14, wtk=  0.00781, kpt=  0.2500 -0.1250  0.0000 (reduced coord)
  -0.88610   -0.88608   -0.88607   -0.88543   -0.88542   -0.37444   -0.37240   -0.37227
  -0.36976   -0.36963   -0.20583    0.00473    0.09663    0.13944
 kpt#  30, nband= 14, wtk=  0.00781, kpt=  0.3750 -0.1250  0.1250 (reduced coord)
  -0.88611   -0.88607   -0.88605   -0.88543   -0.88540   -0.37518   -0.37202   -0.37186
  -0.36990   -0.36958   -0.18525   -0.02871    0.06832    0.10806
 kpt#  31, nband= 14, wtk=  0.00781, kpt=  0.5000 -0.1250  0.2500 (reduced coord)
  -0.88611   -0.88606   -0.88602   -0.88544   -0.88539   -0.37573   -0.37173   -0.37143
  -0.37006   -0.36958   -0.16605   -0.05045    0.05132    0.08060
 kpt#  32, nband= 14, wtk=  0.00781, kpt= -0.3750 -0.1250  0.3750 (reduced coord)
  -0.88611   -0.88606   -0.88602   -0.88544   -0.88539   -0.37573   -0.37173   -0.37143
  -0.37006   -0.36958   -0.16605   -0.05045    0.05132    0.08060
 kpt#  33, nband= 14, wtk=  0.00781, kpt= -0.2500 -0.1250  0.5000 (reduced coord)
  -0.88611   -0.88607   -0.88605   -0.88543   -0.88540   -0.37518   -0.37202   -0.37186
  -0.36990   -0.36958   -0.18525   -0.02871    0.06832    0.10806
 kpt#  34, nband= 14, wtk=  0.00781, kpt= -0.1250 -0.1250 -0.3750 (reduced coord)
  -0.88610   -0.88608   -0.88607   -0.88543   -0.88542   -0.37444   -0.37240   -0.37227
  -0.36976   -0.36963   -0.20583    0.00473    0.09663    0.13944
 kpt#  35, nband= 14, wtk=  0.00781, kpt= -0.1250  0.0000  0.0000 (reduced coord)
  -0.88610   -0.88610   -0.88610   -0.88544   -0.88544   -0.37328   -0.37285   -0.37285
  -0.36967   -0.36967   -0.23145    0.09231    0.15578    0.15578
 kpt#  36, nband= 14, wtk=  0.00781, kpt= -0.1250  0.1250  0.1250 (reduced coord)
  -0.88612   -0.88608   -0.88608   -0.88544   -0.88542   -0.37411   -0.37247   -0.37242
  -0.36983   -0.36959   -0.21786    0.04067    0.12508    0.12673
 kpt#  37, nband= 14, wtk=  0.00781, kpt= -0.2500  0.2500  0.1250 (reduced coord)
  -0.88611   -0.88607   -0.88605   -0.88543   -0.88540   -0.37518   -0.37202   -0.37186
  -0.36990   -0.36958   -0.18525   -0.02871    0.06832    0.10806
 kpt#  38, nband= 14, wtk=  0.00781, kpt= -0.1250  0.2500  0.2500 (reduced coord)
  -0.88614   -0.88605   -0.88605   -0.88545   -0.88539   -0.37527   -0.37183   -0.37178
  -0.37012   -0.36948   -0.19332   -0.01077    0.08747    0.09915
 kpt#  39, nband= 14, wtk=  0.00781, kpt= -0.3750  0.3750  0.1250 (reduced coord)
  -0.88611   -0.88606   -0.88602   -0.88544   -0.88539   -0.37573   -0.37173   -0.37143
  -0.37006   -0.36958   -0.16605   -0.05045    0.05132    0.08060
 kpt#  40, nband= 14, wtk=  0.00781, kpt= -0.2500  0.3750  0.2500 (reduced coord)
  -0.88611   -0.88606   -0.88602   -0.88544   -0.88539   -0.37573   -0.37173   -0.37143
  -0.37006   -0.36958   -0.16605   -0.05045    0.05132    0.08060
 kpt#  41, nband= 14, wtk=  0.00781, kpt= -0.1250  0.3750  0.3750 (reduced coord)
  -0.88615   -0.88603   -0.88602   -0.88545   -0.88537   -0.37603   -0.37137   -0.37130
  -0.37034   -0.36943   -0.16740   -0.05053    0.06675    0.08385
 kpt#  42, nband= 14, wtk=  0.00781, kpt=  0.5000  0.5000  0.1250 (reduced coord)
  -0.88615   -0.88603   -0.88602   -0.88545   -0.88537   -0.37603   -0.37137   -0.37130
  -0.37034   -0.36943   -0.16740   -0.05053    0.06675    0.08385
 kpt#  43, nband= 14, wtk=  0.00781, kpt= -0.3750  0.5000  0.2500 (reduced coord)
  -0.88611   -0.88606   -0.88602   -0.88544   -0.88539   -0.37573   -0.37173   -0.37143
  -0.37006   -0.36958   -0.16605   -0.05045    0.05132    0.08060
 kpt#  44, nband= 14, wtk=  0.00781, kpt= -0.2500  0.5000  0.3750 (reduced coord)
  -0.88611   -0.88606   -0.88602   -0.88544   -0.88539   -0.37573   -0.37173   -0.37143
  -0.37006   -0.36958   -0.16605   -0.05045    0.05132    0.08060
 kpt#  45, nband= 14, wtk=  0.00781, kpt= -0.1250  0.5000  0.5000 (reduced coord)
  -0.88615   -0.88603   -0.88602   -0.88545   -0.88537   -0.37603   -0.37137   -0.37130
  -0.37034   -0.36943   -0.16740   -0.05053    0.06675    0.08385
 kpt#  46, nband= 14, wtk=  0.00781, kpt=  0.3750 -0.3750  0.1250 (reduced coord)
  -0.88611   -0.88606   -0.88602   -0.88544   -0.88539   -0.37573   -0.37173   -0.37143
  -0.37006   -0.36958   -0.16605   -0.05045    0.05132    0.08060
 kpt#  47, nband= 14, wtk=  0.00781, kpt=  0.5000 -0.3750  0.2500 (reduced coord)
  -0.88611   -0.88606   -0.88602   -0.88544   -0.88539   -0.37573   -0.37173   -0.37143
  -0.37006   -0.36958   -0.16605   -0.05045    0.05132    0.08060
 kpt#  48, nband= 14, wtk=  0.00781, kpt= -0.3750 -0.3750  0.3750 (reduced coord)
  -0.88610   -0.88607   -0.88605   -0.88543   -0.88540   -0.37540   -0.37188   -0.37176
  -0.36985   -0.36966   -0.17376   -0.04466    0.05114    0.10742
 kpt#  49, nband= 14, wtk=  0.00781, kpt= -0.2500 -0.3750  0.5000 (reduced coord)
  -0.88611   -0.88607   -0.88605   -0.88543   -0.88540   -0.37518   -0.37202   -0.37186
  -0.36990   -0.36958   -0.18525   -0.02871    0.06832    0.10806
 kpt#  50, nband= 14, wtk=  0.00781, kpt= -0.1250 -0.3750 -0.3750 (reduced coord)
  -0.88614   -0.88605   -0.88605   -0.88545   -0.88539   -0.37527   -0.37183   -0.37178
  -0.37012   -0.36948   -0.19332   -0.01077    0.08747    0.09915
 kpt#  51, nband= 14, wtk=  0.00781, kpt=  0.2500 -0.2500  0.1250 (reduced coord)
  -0.88611   -0.88607   -0.88605   -0.88543   -0.88540   -0.37518   -0.37202   -0.37186
  -0.36990   -0.36958   -0.18525   -0.02871    0.06832    0.10806
 kpt#  52, nband= 14, wtk=  0.00781, kpt=  0.3750 -0.2500  0.2500 (reduced coord)
  -0.88611   -0.88606   -0.88602   -0.88544   -0.88539   -0.37573   -0.37173   -0.37143
  -0.37006   -0.36958   -0.16605   -0.05045    0.05132    0.08060
 kpt#  53, nband= 14, wtk=  0.00781, kpt=  0.5000 -0.2500  0.3750 (reduced coord)
  -0.88611   -0.88606   -0.88602   -0.88544   -0.88539   -0.37573   -0.37173   -0.37143
  -0.37006   -0.36958   -0.16605   -0.05045    0.05132    0.08060
 kpt#  54, nband= 14, wtk=  0.00781, kpt= -0.3750 -0.2500  0.5000 (reduced coord)
  -0.88611   -0.88607   -0.88605   -0.88543   -0.88540   -0.37518   -0.37202   -0.37186
  -0.36990   -0.36958   -0.18525   -0.02871    0.06832    0.10806
 kpt#  55, nband= 14, wtk=  0.00781, kpt= -0.2500 -0.2500 -0.3750 (reduced coord)
  -0.88610   -0.88608   -0.88607   -0.88543   -0.88542   -0.37444   -0.37240   -0.37227
  -0.36976   -0.36963   -0.20583    0.00473    0.09663    0.13944
 kpt#  56, nband= 14, wtk=  0.00781, kpt= -0.1250 -0.2500 -0.2500 (reduced coord)
  -0.88612   -0.88608   -0.88608   -0.88544   -0.88542   -0.37411   -0.37247   -0.37242
  -0.36983   -0.36959   -0.21786    0.04067    0.12508    0.12673
 kpt#  57, nband= 14, wtk=  0.00781, kpt=  0.0000 -0.1250  0.0000 (reduced coord)
  -0.88610   -0.88610   -0.88610   -0.88544   -0.88544   -0.37328   -0.37285   -0.37285
  -0.36967   -0.36967   -0.23145    0.09231    0.15578    0.15578
 kpt#  58, nband= 14, wtk=  0.00781, kpt=  0.1250 -0.1250  0.1250 (reduced coord)
  -0.88612   -0.88608   -0.88608   -0.88544   -0.88542   -0.37411   -0.37247   -0.37242
  -0.36983   -0.36959   -0.21786    0.04067    0.12508    0.12673
 kpt#  59, nband= 14, wtk=  0.00781, kpt=  0.2500 -0.1250  0.2500 (reduced coord)
  -0.88614   -0.88605   -0.88605   -0.88545   -0.88539   -0.37527   -0.37183   -0.37178
  -0.37012   -0.36948   -0.19332   -0.01077    0.08747    0.09915
 kpt#  60, nband= 14, wtk=  0.00781, kpt=  0.3750 -0.1250  0.3750 (reduced coord)
  -0.88615   -0.88603   -0.88602   -0.88545   -0.88537   -0.37603   -0.37137   -0.37130
  -0.37034   -0.36943   -0.16740   -0.05053    0.06675    0.08385
 kpt#  61, nband= 14, wtk=  0.00781, kpt=  0.5000 -0.1250  0.5000 (reduced coord)
  -0.88615   -0.88603   -0.88602   -0.88545   -0.88537   -0.37603   -0.37137   -0.37130
  -0.37034   -0.36943   -0.16740   -0.05053    0.06675    0.08385
 kpt#  62, nband= 14, wtk=  0.00781, kpt= -0.3750 -0.1250 -0.3750 (reduced coord)
  -0.88614   -0.88605   -0.88605   -0.88545   -0.88539   -0.37527   -0.37183   -0.37178
  -0.37012   -0.36948   -0.19332   -0.01077    0.08747    0.09915
 kpt#  63, nband= 14, wtk=  0.00781, kpt= -0.2500 -0.1250 -0.2500 (reduced coord)
  -0.88612   -0.88608   -0.88608   -0.88544   -0.88542   -0.37411   -0.37247   -0.37242
  -0.36983   -0.36959   -0.21786    0.04067    0.12508    0.12673
 kpt#  64, nband= 14, wtk=  0.00781, kpt= -0.1250 -0.1250 -0.1250 (reduced coord)
  -0.88610   -0.88610   -0.88610   -0.88544   -0.88544   -0.37328   -0.37285   -0.37285
  -0.36967   -0.36967   -0.23145    0.09231    0.15578    0.15578
 kpt#  65, nband= 14, wtk=  0.00781, kpt= -0.3750  0.0000  0.0000 (reduced coord)
  -0.88610   -0.88607   -0.88607   -0.88542   -0.88542   -0.37467   -0.37230   -0.37230
  -0.36964   -0.36964   -0.19660   -0.02532    0.12985    0.12985
 kpt#  66, nband= 14, wtk=  0.00781, kpt= -0.2500  0.0000  0.1250 (reduced coord)
  -0.88610   -0.88608   -0.88607   -0.88543   -0.88542   -0.37444   -0.37240   -0.37227
  -0.36976   -0.36963   -0.20583    0.00473    0.09663    0.13944
 kpt#  67, nband= 14, wtk=  0.00781, kpt= -0.1250  0.0000  0.2500 (reduced coord)
  -0.88610   -0.88608   -0.88607   -0.88543   -0.88542   -0.37444   -0.37240   -0.37227
  -0.36976   -0.36963   -0.20583    0.00473    0.09663    0.13944
 kpt#  68, nband= 14, wtk=  0.00781, kpt= -0.3750  0.1250  0.1250 (reduced coord)
  -0.88610   -0.88607   -0.88606   -0.88542   -0.88541   -0.37509   -0.37212   -0.37205
  -0.36974   -0.36959   -0.18307   -0.04405    0.09253    0.11646
 kpt#  69, nband= 14, wtk=  0.00781, kpt= -0.2500  0.1250  0.2500 (reduced coord)
  -0.88611   -0.88607   -0.88605   -0.88543   -0.88540   -0.37518   -0.37202   -0.37186
  -0.36990   -0.36958   -0.18525   -0.02871    0.06832    0.10806
 kpt#  70, nband= 14, wtk=  0.00781, kpt= -0.1250  0.1250  0.3750 (reduced coord)
  -0.88611   -0.88607   -0.88605   -0.88543   -0.88540   -0.37518   -0.37202   -0.37186
  -0.36990   -0.36958   -0.18525   -0.02871    0.06832    0.10806
 kpt#  71, nband= 14, wtk=  0.00781, kpt=  0.5000  0.2500  0.1250 (reduced coord)
  -0.88611   -0.88607   -0.88605   -0.88543   -0.88540   -0.37518   -0.37202   -0.37186
  -0.36990   -0.36958   -0.18525   -0.02871    0.06832    0.10806
 kpt#  72, nband= 14, wtk=  0.00781, kpt= -0.3750  0.2500  0.2500 (reduced coord)
  -0.88610   -0.88607   -0.88605   -0.88543   -0.88540   -0.37540   -0.37188   -0.37176
  -0.36985   -0.36966   -0.17376   -0.04466    0.05114    0.10742
 kpt#  73, nband= 14, wtk=  0.00781, kpt= -0.2500  0.2500  0.3750 (reduced coord)
  -0.88611   -0.88606   -0.88602   -0.88544   -0.88539   -0.37573   -0.37173   -0.37143
  -0.37006   -0.36958   -0.16605   -0.05045    0.05132    0.08060
 kpt#  74, nband= 14, wtk=  0.00781, kpt= -0.1250  0.2500  0.5000 (reduced coord)
  -0.88611   -0.88606   -0.88602   -0.88544   -0.88539   -0.37573   -0.37173   -0.37143
  -0.37006   -0.36958   -0.16605   -0.05045    0.05132    0.08060
 kpt#  75, nband= 14, wtk=  0.00781, kpt=  0.3750  0.3750  0.1250 (reduced coord)
  -0.88614   -0.88605   -0.88605   -0.88545   -0.88539   -0.37527   -0.37183   -0.37178
  -0.37012   -0.36948   -0.19332   -0.01077    0.08747    0.09915
 kpt#  76, nband= 14, wtk=  0.00781, kpt=  0.5000  0.3750  0.2500 (reduced coord)
  -0.88611   -0.88607   -0.88605   -0.88543   -0.88540   -0.37518   -0.37202   -0.37186
  -0.36990   -0.36958   -0.18525   -0.02871    0.06832    0.10806
 kpt#  77, nband= 14, wtk=  0.00781, kpt= -0.3750  0.3750  0.3750 (reduced coord)
  -0.88610   -0.88607   -0.88605   -0.88543   -0.88540   -0.37540   -0.37188   -0.37176
  -0.36985   -0.36966   -0.17376   -0.04466    0.05114    0.10742
 kpt#  78, nband= 14, wtk=  0.00781, kpt= -0.2500  0.3750  0.5000 (reduced coord)
  -0.88611   -0.88606   -0.88602   -0.88544   -0.88539   -0.37573   -0.37173   -0.37143
  -0.37006   -0.36958   -0.16605   -0.05045    0.05132    0.08060
 kpt#  79, nband= 14, wtk=  0.00781, kpt= -0.1250  0.3750 -0.3750 (reduced coord)
  -0.88611   -0.88606   -0.88602   -0.88544   -0.88539   -0.37573   -0.37173   -0.37143
  -0.37006   -0.36958   -0.16605   -0.05045    0.05132    0.08060
 kpt#  80, nband= 14, wtk=  0.00781, kpt=  0.2500  0.5000  0.1250 (reduced coord)
  -0.88611   -0.88607   -0.88605   -0.88543   -0.88540   -0.37518   -0.37202   -0.37186
  -0.36990   -0.36958   -0.18525   -0.02871    0.06832    0.10806
 kpt#  81, nband= 14, wtk=  0.00781, kpt=  0.3750  0.5000  0.2500 (reduced coord)
  -0.88611   -0.88607   -0.88605   -0.88543   -0.88540   -0.37518   -0.37202   -0.37186
  -0.36990   -0.36958   -0.18525   -0.02871    0.06832    0.10806
 kpt#  82, nband= 14, wtk=  0.00781, kpt=  0.5000  0.5000  0.3750 (reduced coord)
  -0.88610   -0.88607   -0.88606   -0.88542   -0.88541   -0.37509   -0.37212   -0.37205
  -0.36974   -0.36959   -0.18307   -0.04405    0.09253    0.11646
 kpt#  83, nband= 14, wtk=  0.00781, kpt= -0.3750  0.5000  0.5000 (reduced coord)
  -0.88610   -0.88607   -0.88606   -0.88542   -0.88541   -0.37509   -0.37212   -0.37205
  -0.36974   -0.36959   -0.18307   -0.04405    0.09253    0.11646
 kpt#  84, nband= 14, wtk=  0.00781, kpt= -0.2500  0.5000 -0.3750 (reduced coord)
  -0.88611   -0.88607   -0.88605   -0.88543   -0.88540   -0.37518   -0.37202   -0.37186
  -0.36990   -0.36958   -0.18525   -0.02871    0.06832    0.10806
 kpt#  85, nband= 14, wtk=  0.00781, kpt= -0.1250  0.5000 -0.2500 (reduced coord)
  -0.88611   -0.88607   -0.88605   -0.88543   -0.88540   -0.37518   -0.37202   -0.37186
  -0.36990   -0.36958   -0.18525   -0.02871    0.06832    0.10806
 kpt#  86, nband= 14, wtk=  0.00781, kpt=  0.0000 -0.3750  0.0000 (reduced coord)
  -0.88610   -0.88607   -0.88607   -0.88542   -0.88542   -0.37467   -0.37230   -0.37230
  -0.36964   -0.36964   -0.19660   -0.02532    0.12985    0.12985
 kpt#  87, nband= 14, wtk=  0.00781, kpt=  0.1250 -0.3750  0.1250 (reduced coord)
  -0.88610   -0.88607   -0.88606   -0.88542   -0.88541   -0.37509   -0.37212   -0.37205
  -0.36974   -0.36959   -0.18307   -0.04405    0.09253    0.11646
 kpt#  88, nband= 14, wtk=  0.00781, kpt=  0.2500 -0.3750  0.2500 (reduced coord)
  -0.88610   -0.88607   -0.88605   -0.88543   -0.88540   -0.37540   -0.37188   -0.37176
  -0.36985   -0.36966   -0.17376   -0.04466    0.05114    0.10742
 kpt#  89, nband= 14, wtk=  0.00781, kpt=  0.3750 -0.3750  0.3750 (reduced coord)
  -0.88610   -0.88607   -0.88605   -0.88543   -0.88540   -0.37540   -0.37188   -0.37176
  -0.36985   -0.36966   -0.17376   -0.04466    0.05114    0.10742
 kpt#  90, nband= 14, wtk=  0.00781, kpt=  0.5000 -0.3750  0.5000 (reduced coord)
  -0.88610   -0.88607   -0.88606   -0.88542   -0.88541   -0.37509   -0.37212   -0.37205
  -0.36974   -0.36959   -0.18307   -0.04405    0.09253    0.11646
 kpt#  91, nband= 14, wtk=  0.00781, kpt= -0.3750 -0.3750 -0.3750 (reduced coord)
  -0.88610   -0.88607   -0.88607   -0.88542   -0.88542   -0.37467   -0.37230   -0.37230
  -0.36964   -0.36964   -0.19660   -0.02532    0.12985    0.12985
 kpt#  92, nband= 14, wtk=  0.00781, kpt= -0.2500 -0.3750 -0.2500 (reduced coord)
  -0.88610   -0.88608   -0.88607   -0.88543   -0.88542   -0.37444   -0.37240   -0.37227
  -0.36976   -0.36963   -0.20583    0.00473    0.09663    0.13944
 kpt#  93, nband= 14, wtk=  0.00781, kpt= -0.1250 -0.3750 -0.1250 (reduced coord)
  -0.88610   -0.88608   -0.88607   -0.88543   -0.88542   -0.37444   -0.37240   -0.37227
  -0.36976   -0.36963   -0.20583    0.00473    0.09663    0.13944
 kpt#  94, nband= 14, wtk=  0.00781, kpt=  0.0000 -0.2500  0.1250 (reduced coord)
  -0.88610   -0.88608   -0.88607   -0.88543   -0.88542   -0.37444   -0.37240   -0.37227
  -0.36976   -0.36963   -0.20583    0.00473    0.09663    0.13944
 kpt#  95, nband= 14, wtk=  0.00781, kpt=  0.1250 -0.2500  0.2500 (reduced coord)
  -0.88611   -0.88607   -0.88605   -0.88543   -0.88540   -0.37518   -0.37202   -0.37186
  -0.36990   -0.36958   -0.18525   -0.02871    0.06832    0.10806
 kpt#  96, nband= 14, wtk=  0.00781, kpt=  0.2500 -0.2500  0.3750 (reduced coord)
  -0.88611   -0.88606   -0.88602   -0.88544   -0.88539   -0.37573   -0.37173   -0.37143
  -0.37006   -0.36958   -0.16605   -0.05045    0.05132    0.08060
 kpt#  97, nband= 14, wtk=  0.00781, kpt=  0.3750 -0.2500  0.5000 (reduced coord)
  -0.88611   -0.88606   -0.88602   -0.88544   -0.88539   -0.37573   -0.37173   -0.37143
  -0.37006   -0.36958   -0.16605   -0.05045    0.05132    0.08060
 kpt#  98, nband= 14, wtk=  0.00781, kpt=  0.5000 -0.2500 -0.3750 (reduced coord)
  -0.88611   -0.88607   -0.88605   -0.88543   -0.88540   -0.37518   -0.37202   -0.37186
  -0.36990   -0.36958   -0.18525   -0.02871    0.06832    0.10806
 kpt#  99, nband= 14, wtk=  0.00781, kpt= -0.3750 -0.2500 -0.2500 (reduced coord)
  -0.88610   -0.88608   -0.88607   -0.88543   -0.88542   -0.37444   -0.37240   -0.37227
  -0.36976   -0.36963   -0.20583    0.00473    0.09663    0.13944
 kpt# 100, nband= 14, wtk=  0.00781, kpt= -0.2500 -0.2500 -0.1250 (reduced coord)
  -0.88612   -0.88608   -0.88608   -0.88544   -0.88542   -0.37411   -0.37247   -0.37242
  -0.36983   -0.36959   -0.21786    0.04067    0.12508    0.12673
 kpt# 101, nband= 14, wtk=  0.00781, kpt=  0.0000 -0.1250  0.2500 (reduced coord)
  -0.88610   -0.88608   -0.88607   -0.88543   -0.88542   -0.37444   -0.37240   -0.37227
  -0.36976   -0.36963   -0.20583    0.00473    0.09663    0.13944
 kpt# 102, nband= 14, wtk=  0.00781, kpt=  0.1250 -0.1250  0.3750 (reduced coord)
  -0.88611   -0.88607   -0.88605   -0.88543   -0.88540   -0.37518   -0.37202   -0.37186
  -0.36990   -0.36958   -0.18525   -0.02871    0.06832    0.10806
 kpt# 103, nband= 14, wtk=  0.00781, kpt=  0.2500 -0.1250  0.5000 (reduced coord)
  -0.88611   -0.88606   -0.88602   -0.88544   -0.88539   -0.37573   -0.37173   -0.37143
  -0.37006   -0.36958   -0.16605   -0.05045    0.05132    0.08060
 kpt# 104, nband= 14, wtk=  0.00781, kpt=  0.3750 -0.1250 -0.3750 (reduced coord)
  -0.88611   -0.88606   -0.88602   -0.88544   -0.88539   -0.37573   -0.37173   -0.37143
  -0.37006   -0.36958   -0.16605   -0.05045    0.05132    0.08060
 kpt# 105, nband= 14, wtk=  0.00781, kpt=  0.5000 -0.1250 -0.2500 (reduced coord)
  -0.88611   -0.88607   -0.88605   -0.88543   -0.88540   -0.37518   -0.37202   -0.37186
  -0.36990   -0.36958   -0.18525   -0.02871    0.06832    0.10806
 kpt# 106, nband= 14, wtk=  0.00781, kpt= -0.3750 -0.1250 -0.1250 (reduced coord)
  -0.88610   -0.88608   -0.88607   -0.88543   -0.88542   -0.37444   -0.37240   -0.37227
  -0.36976   -0.36963   -0.20583    0.00473    0.09663    0.13944
 kpt# 107, nband= 14, wtk=  0.00781, kpt=  0.5000  0.0000  0.1250 (reduced coord)
  -0.88610   -0.88607   -0.88606   -0.88542   -0.88541   -0.37509   -0.37212   -0.37205
  -0.36974   -0.36959   -0.18307   -0.04405    0.09253    0.11646
 kpt# 108, nband= 14, wtk=  0.00781, kpt= -0.3750  0.0000  0.2500 (reduced coord)
  -0.88610   -0.88607   -0.88605   -0.88543   -0.88540   -0.37540   -0.37188   -0.37176
  -0.36985   -0.36966   -0.17376   -0.04466    0.05114    0.10742
 kpt# 109, nband= 14, wtk=  0.00781, kpt= -0.2500  0.0000  0.3750 (reduced coord)
  -0.88610   -0.88607   -0.88605   -0.88543   -0.88540   -0.37540   -0.37188   -0.37176
  -0.36985   -0.36966   -0.17376   -0.04466    0.05114    0.10742
 kpt# 110, nband= 14, wtk=  0.00781, kpt= -0.1250  0.0000  0.5000 (reduced coord)
  -0.88610   -0.88607   -0.88606   -0.88542   -0.88541   -0.37509   -0.37212   -0.37205
  -0.36974   -0.36959   -0.18307   -0.04405    0.09253    0.11646
 kpt# 111, nband= 14, wtk=  0.00781, kpt=  0.0000  0.5000  0.1250 (reduced coord)
  -0.88610   -0.88607   -0.88606   -0.88542   -0.88541   -0.37509   -0.37212   -0.37205
  -0.36974   -0.36959   -0.18307   -0.04405    0.09253    0.11646
 kpt# 112, nband= 14, wtk=  0.00781, kpt=  0.0000 -0.3750  0.2500 (reduced coord)
  -0.88610   -0.88607   -0.88605   -0.88543   -0.88540   -0.37540   -0.37188   -0.37176
  -0.36985   -0.36966   -0.17376   -0.04466    0.05114    0.10742
 kpt# 113, nband= 14, wtk=  0.00781, kpt=  0.0000 -0.2500  0.3750 (reduced coord)
  -0.88610   -0.88607   -0.88605   -0.88543   -0.88540   -0.37540   -0.37188   -0.37176
  -0.36985   -0.36966   -0.17376   -0.04466    0.05114    0.10742
 kpt# 114, nband= 14, wtk=  0.00781, kpt=  0.0000 -0.1250  0.5000 (reduced coord)
  -0.88610   -0.88607   -0.88606   -0.88542   -0.88541   -0.37509   -0.37212   -0.37205
  -0.36974   -0.36959   -0.18307   -0.04405    0.09253    0.11646
 kpt# 115, nband= 14, wtk=  0.00781, kpt=  0.2500  0.0000  0.1250 (reduced coord)
  -0.88612   -0.88608   -0.88608   -0.88544   -0.88542   -0.37411   -0.37247   -0.37242
  -0.36983   -0.36959   -0.21786    0.04067    0.12508    0.12673
 kpt# 116, nband= 14, wtk=  0.00781, kpt=  0.3750  0.0000  0.2500 (reduced coord)
  -0.88614   -0.88605   -0.88605   -0.88545   -0.88539   -0.37527   -0.37183   -0.37178
  -0.37012   -0.36948   -0.19332   -0.01077    0.08747    0.09915
 kpt# 117, nband= 14, wtk=  0.00781, kpt=  0.5000  0.0000  0.3750 (reduced coord)
  -0.88615   -0.88603   -0.88602   -0.88545   -0.88537   -0.37603   -0.37137   -0.37130
  -0.37034   -0.36943   -0.16740   -0.05053    0.06675    0.08385
 kpt# 118, nband= 14, wtk=  0.00781, kpt= -0.3750  0.0000  0.5000 (reduced coord)
  -0.88615   -0.88603   -0.88602   -0.88545   -0.88537   -0.37603   -0.37137   -0.37130
  -0.37034   -0.36943   -0.16740   -0.05053    0.06675    0.08385
 kpt# 119, nband= 14, wtk=  0.00781, kpt= -0.2500  0.0000 -0.3750 (reduced coord)
  -0.88614   -0.88605   -0.88605   -0.88545   -0.88539   -0.37527   -0.37183   -0.37178
  -0.37012   -0.36948   -0.19332   -0.01077    0.08747    0.09915
 kpt# 120, nband= 14, wtk=  0.00781, kpt= -0.1250  0.0000 -0.2500 (reduced coord)
  -0.88612   -0.88608   -0.88608   -0.88544   -0.88542   -0.37411   -0.37247   -0.37242
  -0.36983   -0.36959   -0.21786    0.04067    0.12508    0.12673
 kpt# 121, nband= 14, wtk=  0.00781, kpt=  0.0000  0.2500  0.1250 (reduced coord)
  -0.88612   -0.88608   -0.88608   -0.88544   -0.88542   -0.37411   -0.37247   -0.37242
  -0.36983   -0.36959   -0.21786    0.04067    0.12508    0.12673
 kpt# 122, nband= 14, wtk=  0.00781, kpt=  0.0000  0.3750  0.2500 (reduced coord)
  -0.88614   -0.88605   -0.88605   -0.88545   -0.88539   -0.37527   -0.37183   -0.37178
  -0.37012   -0.36948   -0.19332   -0.01077    0.08747    0.09915
 kpt# 123, nband= 14, wtk=  0.00781, kpt=  0.0000  0.5000  0.3750 (reduced coord)
  -0.88615   -0.88603   -0.88602   -0.88545   -0.88537   -0.37603   -0.37137   -0.37130
  -0.37034   -0.36943   -0.16740   -0.05053    0.06675    0.08385
 kpt# 124, nband= 14, wtk=  0.00781, kpt=  0.0000 -0.3750  0.5000 (reduced coord)
  -0.88615   -0.88603   -0.88602   -0.88545   -0.88537   -0.37603   -0.37137   -0.37130
  -0.37034   -0.36943   -0.16740   -0.05053    0.06675    0.08385
 kpt# 125, nband= 14, wtk=  0.00781, kpt=  0.0000 -0.2500 -0.3750 (reduced coord)
  -0.88614   -0.88605   -0.88605   -0.88545   -0.88539   -0.37527   -0.37183   -0.37178
  -0.37012   -0.36948   -0.19332   -0.01077    0.08747    0.09915
 kpt# 126, nband= 14, wtk=  0.00781, kpt=  0.0000 -0.1250 -0.2500 (reduced coord)
  -0.88612   -0.88608   -0.88608   -0.88544   -0.88542   -0.37411   -0.37247   -0.37242
  -0.36983   -0.36959   -0.21786    0.04067    0.12508    0.12673
 kpt# 127, nband= 14, wtk=  0.00781, kpt=  0.0000  0.0000  0.1250 (reduced coord)
  -0.88610   -0.88610   -0.88610   -0.88544   -0.88544   -0.37328   -0.37285   -0.37285
  -0.36967   -0.36967   -0.23145    0.09231    0.15578    0.15578
 kpt# 128, nband= 14, wtk=  0.00781, kpt=  0.0000  0.0000  0.3750 (reduced coord)
  -0.88610   -0.88607   -0.88607   -0.88542   -0.88542   -0.37467   -0.37230   -0.37230
  -0.36964   -0.36964   -0.19660   -0.02532    0.12985    0.12985
