 Expectation of eigenvalue derivatives (hartree) for nkpt= 128  k points:
  (in case of degenerate eigenvalues, averaged derivative)
 kpt#   1, nband= 14, wtk=  0.00781, kpt= -0.1250 -0.2500  0.0000 (reduced coord)
  -0.00007    0.00011    0.00012   -0.00003    0.00010   -0.00457    0.00233    0.00234
  -0.00097    0.00043    0.07922   -0.21278   -0.16978   -0.12553
 kpt#   2, nband= 14, wtk=  0.00781, kpt= -0.2500 -0.1250  0.0000 (reduced coord)
  -0.00007    0.00011    0.00012   -0.00003    0.00010   -0.00457    0.00233    0.00234
  -0.00097    0.00043    0.07922   -0.21278   -0.16978   -0.12553
 kpt#   3, nband= 14, wtk=  0.00781, kpt= -0.1250 -0.1250  0.1250 (reduced coord)
   0.00002    0.00009    0.00013    0.00004    0.00008   -0.00524    0.00201    0.00257
  -0.00042    0.00020    0.12933   -0.44226   -0.15849   -0.10775
 kpt#   4, nband= 14, wtk=  0.00781, kpt= -0.1250  0.5000  0.0000 (reduced coord)
   0.00001    0.00000    0.00005   -0.00001    0.00004   -0.00167    0.00106    0.00126
  -0.00052   -0.00010    0.05139   -0.03575   -0.20048   -0.04959
 kpt#   5, nband= 14, wtk=  0.00781, kpt= -0.2500 -0.3750  0.0000 (reduced coord)
  -0.00007    0.00012    0.00012   -0.00003    0.00010   -0.00420    0.00246    0.00249
  -0.00116    0.00034    0.11183   -0.19356   -0.12146   -0.08916
 kpt#   6, nband= 14, wtk=  0.00781, kpt= -0.1250 -0.3750  0.1250 (reduced coord)
   0.00010   -0.00007    0.00014    0.00003    0.00004   -0.00331    0.00151    0.00259
  -0.00031   -0.00056    0.12655   -0.13643   -0.26804   -0.12719
 kpt#   7, nband= 14, wtk=  0.00781, kpt= -0.3750 -0.2500  0.0000 (reduced coord)
  -0.00007    0.00012    0.00012   -0.00003    0.00010   -0.00420    0.00246    0.00249
  -0.00116    0.00034    0.11183   -0.19356   -0.12146   -0.08916
 kpt#   8, nband= 14, wtk=  0.00781, kpt= -0.2500 -0.2500  0.1250 (reduced coord)
   0.00006    0.00004    0.00009    0.00005    0.00005   -0.00335    0.00112    0.00183
  -0.00003    0.00003    0.14725   -0.29108   -0.21528   -0.04741
 kpt#   9, nband= 14, wtk=  0.00781, kpt= -0.1250 -0.2500  0.2500 (reduced coord)
   0.00013   -0.00007    0.00009    0.00007    0.00001   -0.00276    0.00083    0.00143
   0.00060   -0.00044    0.13980   -0.25130   -0.09499   -0.09118
 kpt#  10, nband= 14, wtk=  0.00781, kpt=  0.5000 -0.1250  0.0000 (reduced coord)
   0.00001    0.00000    0.00005   -0.00001    0.00004   -0.00167    0.00106    0.00126
  -0.00052   -0.00010    0.05139   -0.03575   -0.20048   -0.04959
 kpt#  11, nband= 14, wtk=  0.00781, kpt= -0.3750 -0.1250  0.1250 (reduced coord)
   0.00010   -0.00007    0.00014    0.00003    0.00004   -0.00331    0.00151    0.00259
  -0.00031   -0.00056    0.12655   -0.13643   -0.26804   -0.12719
 kpt#  12, nband= 14, wtk=  0.00781, kpt= -0.2500 -0.1250  0.2500 (reduced coord)
   0.00013   -0.00007    0.00009    0.00007    0.00001   -0.00276    0.00083    0.00143
   0.00060   -0.00044    0.13980   -0.25130   -0.09499   -0.09118
 kpt#  13, nband= 14, wtk=  0.00781, kpt= -0.1250 -0.1250  0.3750 (reduced coord)
   0.00006    0.00000   -0.00000    0.00007   -0.00004   -0.00106    0.00048    0.00004
   0.00085   -0.00052    0.06566   -0.11892   -0.07143    0.03191
 kpt#  14, nband= 14, wtk=  0.00781, kpt= -0.1250  0.2500  0.0000 (reduced coord)
   0.00000   -0.00002   -0.00001   -0.00002    0.00000    0.00041   -0.00014    0.00027
  -0.00033   -0.00005   -0.02003    0.10446   -0.13585    0.02102
 kpt#  15, nband= 14, wtk=  0.00781, kpt= -0.2500  0.3750  0.0000 (reduced coord)
   0.00001   -0.00000    0.00002   -0.00001    0.00001   -0.00070    0.00061    0.00076
  -0.00031   -0.00027    0.01965    0.01665   -0.10488   -0.01963
 kpt#  16, nband= 14, wtk=  0.00781, kpt= -0.1250  0.3750  0.1250 (reduced coord)
  -0.00021    0.00012    0.00016   -0.00013    0.00014   -0.00313    0.00202    0.00285
  -0.00217    0.00074    0.03922    0.02121   -0.09337   -0.20122
 kpt#  17, nband= 14, wtk=  0.00781, kpt= -0.3750  0.5000  0.0000 (reduced coord)
  -0.00003    0.00005    0.00005   -0.00001    0.00004   -0.00165    0.00102    0.00110
  -0.00049    0.00009    0.07492   -0.10320   -0.04227   -0.03144
 kpt#  18, nband= 14, wtk=  0.00781, kpt= -0.2500  0.5000  0.1250 (reduced coord)
   0.00014   -0.00018    0.00011    0.00002    0.00000   -0.00098   -0.00006    0.00151
   0.00022   -0.00065    0.07065   -0.05873   -0.02978   -0.19970
 kpt#  19, nband= 14, wtk=  0.00781, kpt= -0.1250  0.5000  0.2500 (reduced coord)
  -0.00025    0.00021    0.00012   -0.00011    0.00013   -0.00307    0.00241    0.00216
  -0.00195    0.00080    0.06197   -0.05849    0.03355   -0.14837
 kpt#  20, nband= 14, wtk=  0.00781, kpt=  0.5000 -0.3750  0.0000 (reduced coord)
  -0.00003    0.00005    0.00005   -0.00001    0.00004   -0.00165    0.00102    0.00110
  -0.00049    0.00009    0.07492   -0.10320   -0.04227   -0.03144
 kpt#  21, nband= 14, wtk=  0.00781, kpt= -0.3750 -0.3750  0.1250 (reduced coord)
   0.00013   -0.00006   -0.00000    0.00007   -0.00004    0.00011   -0.00091    0.00008
   0.00105   -0.00058    0.08327   -0.10192   -0.20966    0.02026
 kpt#  22, nband= 14, wtk=  0.00781, kpt= -0.2500 -0.3750  0.2500 (reduced coord)
   0.00021   -0.00018   -0.00001    0.00008   -0.00007    0.00065   -0.00094   -0.00020
   0.00123   -0.00093    0.03815   -0.04366   -0.10905    0.02848
 kpt#  23, nband= 14, wtk=  0.00781, kpt= -0.1250 -0.3750  0.3750 (reduced coord)
  -0.00021    0.00018    0.00001   -0.00008    0.00007   -0.00065    0.00094    0.00020
  -0.00123    0.00093   -0.03815    0.04366    0.10905   -0.02848
 kpt#  24, nband= 14, wtk=  0.00781, kpt=  0.3750 -0.2500  0.0000 (reduced coord)
   0.00001   -0.00000    0.00002   -0.00001    0.00001   -0.00070    0.00061    0.00076
  -0.00031   -0.00027    0.01965    0.01665   -0.10488   -0.01963
 kpt#  25, nband= 14, wtk=  0.00781, kpt=  0.5000 -0.2500  0.1250 (reduced coord)
   0.00014   -0.00018    0.00011    0.00002    0.00000   -0.00098   -0.00006    0.00151
   0.00022   -0.00065    0.07065   -0.05873   -0.02978   -0.19970
 kpt#  26, nband= 14, wtk=  0.00781, kpt= -0.3750 -0.2500  0.2500 (reduced coord)
   0.00021   -0.00018   -0.00001    0.00008   -0.00007    0.00065   -0.00094   -0.00020
   0.00123   -0.00093    0.03815   -0.04366   -0.10905    0.02848
 kpt#  27, nband= 14, wtk=  0.00781, kpt= -0.2500 -0.2500  0.3750 (reduced coord)
   0.00019   -0.00016   -0.00010    0.00009   -0.00012    0.00225   -0.00097   -0.00168
   0.00146   -0.00114   -0.06616    0.10331   -0.02480    0.10743
 kpt#  28, nband= 14, wtk=  0.00781, kpt= -0.1250 -0.2500  0.5000 (reduced coord)
  -0.00013    0.00007   -0.00009   -0.00007   -0.00001    0.00276   -0.00083   -0.00143
  -0.00060    0.00044   -0.13980    0.25130    0.09499    0.09118
 kpt#  29, nband= 14, wtk=  0.00781, kpt=  0.2500 -0.1250  0.0000 (reduced coord)
   0.00000   -0.00002   -0.00001   -0.00002    0.00000    0.00041   -0.00014    0.00027
  -0.00033   -0.00005   -0.02003    0.10446   -0.13585    0.02102
 kpt#  30, nband= 14, wtk=  0.00781, kpt=  0.3750 -0.1250  0.1250 (reduced coord)
  -0.00021    0.00012    0.00016   -0.00013    0.00014   -0.00313    0.00202    0.00285
  -0.00217    0.00074    0.03922    0.02121   -0.09337   -0.20122
 kpt#  31, nband= 14, wtk=  0.00781, kpt=  0.5000 -0.1250  0.2500 (reduced coord)
  -0.00025    0.00021    0.00012   -0.00011    0.00013   -0.00307    0.00241    0.00216
  -0.00195    0.00080    0.06197   -0.05849    0.03355   -0.14837
 kpt#  32, nband= 14, wtk=  0.00781, kpt= -0.3750 -0.1250  0.3750 (reduced coord)
  -0.00021    0.00018    0.00001   -0.00008    0.00007   -0.00065    0.00094    0.00020
  -0.00123    0.00093   -0.03815    0.04366    0.10905   -0.02848
 kpt#  33, nband= 14, wtk=  0.00781, kpt= -0.2500 -0.1250  0.5000 (reduced coord)
  -0.00013    0.00007   -0.00009   -0.00007   -0.00001    0.00276   -0.00083   -0.00143
  -0.00060    0.00044   -0.13980    0.25130    0.09499    0.09118
 kpt#  34, nband= 14, wtk=  0.00781, kpt= -0.1250 -0.1250 -0.3750 (reduced coord)
  -0.00005   -0.00013   -0.00006   -0.00008   -0.00004    0.00532   -0.00253   -0.00177
  -0.00023    0.00001   -0.15803    0.40129    0.11821    0.12999
 kpt#  35, nband= 14, wtk=  0.00781, kpt= -0.1250  0.0000  0.0000 (reduced coord)
   0.00000    0.00003    0.00003    0.00002    0.00002   -0.00150    0.00065    0.00065
  -0.00005   -0.00005    0.02794   -0.18003   -0.03628   -0.03628
 kpt#  36, nband= 14, wtk=  0.00781, kpt= -0.1250  0.1250  0.1250 (reduced coord)
  -0.00007    0.00011    0.00012   -0.00003    0.00010   -0.00457    0.00233    0.00234
  -0.00097    0.00043    0.07922   -0.21278   -0.16978   -0.12553
 kpt#  37, nband= 14, wtk=  0.00781, kpt= -0.2500  0.2500  0.1250 (reduced coord)
  -0.00017    0.00012    0.00012   -0.00009    0.00011   -0.00259    0.00135    0.00170
  -0.00126    0.00087    0.05246   -0.09366    0.07969   -0.16520
 kpt#  38, nband= 14, wtk=  0.00781, kpt= -0.1250  0.2500  0.2500 (reduced coord)
  -0.00007    0.00012    0.00012   -0.00003    0.00010   -0.00420    0.00246    0.00249
  -0.00116    0.00034    0.11183   -0.19356   -0.12146   -0.08916
 kpt#  39, nband= 14, wtk=  0.00781, kpt= -0.3750  0.3750  0.1250 (reduced coord)
   0.00017   -0.00021    0.00001    0.00005   -0.00006    0.00144   -0.00153   -0.00045
   0.00094   -0.00052   -0.02946    0.04341    0.04572   -0.07981
 kpt#  40, nband= 14, wtk=  0.00781, kpt= -0.2500  0.3750  0.2500 (reduced coord)
  -0.00017    0.00021   -0.00001   -0.00005    0.00006   -0.00144    0.00153    0.00045
  -0.00094    0.00052    0.02946   -0.04341   -0.04572    0.07981
 kpt#  41, nband= 14, wtk=  0.00781, kpt= -0.1250  0.3750  0.3750 (reduced coord)
  -0.00003    0.00005    0.00005   -0.00001    0.00004   -0.00165    0.00102    0.00110
  -0.00049    0.00009    0.07492   -0.10320   -0.04227   -0.03144
 kpt#  42, nband= 14, wtk=  0.00781, kpt=  0.5000  0.5000  0.1250 (reduced coord)
   0.00019   -0.00016   -0.00010    0.00009   -0.00012    0.00342   -0.00294   -0.00212
   0.00203   -0.00076   -0.06656    0.10448   -0.12513    0.08315
 kpt#  43, nband= 14, wtk=  0.00781, kpt= -0.3750  0.5000  0.2500 (reduced coord)
   0.00025   -0.00021   -0.00012    0.00011   -0.00013    0.00307   -0.00241   -0.00216
   0.00195   -0.00080   -0.06197    0.05849   -0.03355    0.14837
 kpt#  44, nband= 14, wtk=  0.00781, kpt= -0.2500  0.5000  0.3750 (reduced coord)
  -0.00014    0.00018   -0.00011   -0.00002   -0.00000    0.00098    0.00006   -0.00151
  -0.00022    0.00065   -0.07065    0.05873    0.02978    0.19970
 kpt#  45, nband= 14, wtk=  0.00781, kpt= -0.1250  0.5000  0.5000 (reduced coord)
   0.00003   -0.00005   -0.00005    0.00001   -0.00004    0.00165   -0.00102   -0.00110
   0.00049   -0.00009   -0.07492    0.10320    0.04227    0.03144
 kpt#  46, nband= 14, wtk=  0.00781, kpt=  0.3750 -0.3750  0.1250 (reduced coord)
   0.00017   -0.00021    0.00001    0.00005   -0.00006    0.00144   -0.00153   -0.00045
   0.00094   -0.00052   -0.02946    0.04341    0.04572   -0.07981
 kpt#  47, nband= 14, wtk=  0.00781, kpt=  0.5000 -0.3750  0.2500 (reduced coord)
   0.00025   -0.00021   -0.00012    0.00011   -0.00013    0.00307   -0.00241   -0.00216
   0.00195   -0.00080   -0.06197    0.05849   -0.03355    0.14837
 kpt#  48, nband= 14, wtk=  0.00781, kpt= -0.3750 -0.3750  0.3750 (reduced coord)
   0.00017   -0.00016   -0.00015    0.00011   -0.00015    0.00365   -0.00219   -0.00321
   0.00208   -0.00059   -0.10547    0.07001    0.18495    0.14669
 kpt#  49, nband= 14, wtk=  0.00781, kpt= -0.2500 -0.3750  0.5000 (reduced coord)
  -0.00010    0.00007   -0.00014   -0.00003   -0.00004    0.00331   -0.00151   -0.00259
   0.00031    0.00056   -0.12655    0.13643    0.26804    0.12719
 kpt#  50, nband= 14, wtk=  0.00781, kpt= -0.1250 -0.3750 -0.3750 (reduced coord)
   0.00007   -0.00012   -0.00012    0.00003   -0.00010    0.00420   -0.00246   -0.00249
   0.00116   -0.00034   -0.11183    0.19356    0.12146    0.08916
 kpt#  51, nband= 14, wtk=  0.00781, kpt=  0.2500 -0.2500  0.1250 (reduced coord)
  -0.00017    0.00012    0.00012   -0.00009    0.00011   -0.00259    0.00135    0.00170
  -0.00126    0.00087    0.05246   -0.09366    0.07969   -0.16520
 kpt#  52, nband= 14, wtk=  0.00781, kpt=  0.3750 -0.2500  0.2500 (reduced coord)
  -0.00017    0.00021   -0.00001   -0.00005    0.00006   -0.00144    0.00153    0.00045
  -0.00094    0.00052    0.02946   -0.04341   -0.04572    0.07981
 kpt#  53, nband= 14, wtk=  0.00781, kpt=  0.5000 -0.2500  0.3750 (reduced coord)
  -0.00014    0.00018   -0.00011   -0.00002   -0.00000    0.00098    0.00006   -0.00151
  -0.00022    0.00065   -0.07065    0.05873    0.02978    0.19970
 kpt#  54, nband= 14, wtk=  0.00781, kpt= -0.3750 -0.2500  0.5000 (reduced coord)
  -0.00010    0.00007   -0.00014   -0.00003   -0.00004    0.00331   -0.00151   -0.00259
   0.00031    0.00056   -0.12655    0.13643    0.26804    0.12719
 kpt#  55, nband= 14, wtk=  0.00781, kpt= -0.2500 -0.2500 -0.3750 (reduced coord)
  -0.00006   -0.00010   -0.00004   -0.00004   -0.00005    0.00449   -0.00226   -0.00231
   0.00044    0.00010   -0.11796    0.19237    0.38991    0.08795
 kpt#  56, nband= 14, wtk=  0.00781, kpt= -0.1250 -0.2500 -0.2500 (reduced coord)
   0.00007   -0.00011   -0.00012    0.00003   -0.00010    0.00457   -0.00233   -0.00234
   0.00097   -0.00043   -0.07922    0.21278    0.16978    0.12553
 kpt#  57, nband= 14, wtk=  0.00781, kpt=  0.0000 -0.1250  0.0000 (reduced coord)
   0.00000    0.00003    0.00003    0.00002    0.00002   -0.00150    0.00065    0.00065
  -0.00005   -0.00005    0.02794   -0.18003   -0.03628   -0.03628
 kpt#  58, nband= 14, wtk=  0.00781, kpt=  0.1250 -0.1250  0.1250 (reduced coord)
  -0.00007    0.00011    0.00012   -0.00003    0.00010   -0.00457    0.00233    0.00234
  -0.00097    0.00043    0.07922   -0.21278   -0.16978   -0.12553
 kpt#  59, nband= 14, wtk=  0.00781, kpt=  0.2500 -0.1250  0.2500 (reduced coord)
  -0.00007    0.00012    0.00012   -0.00003    0.00010   -0.00420    0.00246    0.00249
  -0.00116    0.00034    0.11183   -0.19356   -0.12146   -0.08916
 kpt#  60, nband= 14, wtk=  0.00781, kpt=  0.3750 -0.1250  0.3750 (reduced coord)
  -0.00003    0.00005    0.00005   -0.00001    0.00004   -0.00165    0.00102    0.00110
  -0.00049    0.00009    0.07492   -0.10320   -0.04227   -0.03144
 kpt#  61, nband= 14, wtk=  0.00781, kpt=  0.5000 -0.1250  0.5000 (reduced coord)
   0.00003   -0.00005   -0.00005    0.00001   -0.00004    0.00165   -0.00102   -0.00110
   0.00049   -0.00009   -0.07492    0.10320    0.04227    0.03144
 kpt#  62, nband= 14, wtk=  0.00781, kpt= -0.3750 -0.1250 -0.3750 (reduced coord)
   0.00007   -0.00012   -0.00012    0.00003   -0.00010    0.00420   -0.00246   -0.00249
   0.00116   -0.00034   -0.11183    0.19356    0.12146    0.08916
 kpt#  63, nband= 14, wtk=  0.00781, kpt= -0.2500 -0.1250 -0.2500 (reduced coord)
   0.00007   -0.00011   -0.00012    0.00003   -0.00010    0.00457   -0.00233   -0.00234
   0.00097   -0.00043   -0.07922    0.21278    0.16978    0.12553
 kpt#  64, nband= 14, wtk=  0.00781, kpt= -0.1250 -0.1250 -0.1250 (reduced coord)
  -0.00000   -0.00003   -0.00003   -0.00002   -0.00002    0.00150   -0.00065   -0.00065
   0.00005    0.00005   -0.02794    0.18003    0.03628    0.03628
 kpt#  65, nband= 14, wtk=  0.00781, kpt= -0.3750  0.0000  0.0000 (reduced coord)
   0.00000    0.00003    0.00003    0.00002    0.00002   -0.00143    0.00048    0.00048
   0.00013    0.00013    0.05054   -0.10938   -0.02131   -0.02131
 kpt#  66, nband= 14, wtk=  0.00781, kpt= -0.2500  0.0000  0.1250 (reduced coord)
   0.00006    0.00010    0.00004    0.00004    0.00005   -0.00449    0.00226    0.00231
  -0.00044   -0.00010    0.11796   -0.19237   -0.38991   -0.08795
 kpt#  67, nband= 14, wtk=  0.00781, kpt= -0.1250  0.0000  0.2500 (reduced coord)
   0.00005    0.00013    0.00006    0.00008    0.00004   -0.00532    0.00253    0.00177
   0.00023   -0.00001    0.15803   -0.40129   -0.11821   -0.12999
 kpt#  68, nband= 14, wtk=  0.00781, kpt= -0.3750  0.1250  0.1250 (reduced coord)
   0.00001    0.00000    0.00005   -0.00001    0.00004   -0.00167    0.00106    0.00126
  -0.00052   -0.00010    0.05139   -0.03575   -0.20048   -0.04959
 kpt#  69, nband= 14, wtk=  0.00781, kpt= -0.2500  0.1250  0.2500 (reduced coord)
   0.00010   -0.00007    0.00014    0.00003    0.00004   -0.00331    0.00151    0.00259
  -0.00031   -0.00056    0.12655   -0.13643   -0.26804   -0.12719
 kpt#  70, nband= 14, wtk=  0.00781, kpt= -0.1250  0.1250  0.3750 (reduced coord)
   0.00013   -0.00007    0.00009    0.00007    0.00001   -0.00276    0.00083    0.00143
   0.00060   -0.00044    0.13980   -0.25130   -0.09499   -0.09118
 kpt#  71, nband= 14, wtk=  0.00781, kpt=  0.5000  0.2500  0.1250 (reduced coord)
   0.00017   -0.00012   -0.00012    0.00009   -0.00011    0.00259   -0.00135   -0.00170
   0.00126   -0.00087   -0.05246    0.09366   -0.07969    0.16520
 kpt#  72, nband= 14, wtk=  0.00781, kpt= -0.3750  0.2500  0.2500 (reduced coord)
   0.00001   -0.00000    0.00002   -0.00001    0.00001   -0.00070    0.00061    0.00076
  -0.00031   -0.00027    0.01965    0.01665   -0.10488   -0.01963
 kpt#  73, nband= 14, wtk=  0.00781, kpt= -0.2500  0.2500  0.3750 (reduced coord)
   0.00014   -0.00018    0.00011    0.00002    0.00000   -0.00098   -0.00006    0.00151
   0.00022   -0.00065    0.07065   -0.05873   -0.02978   -0.19970
 kpt#  74, nband= 14, wtk=  0.00781, kpt= -0.1250  0.2500  0.5000 (reduced coord)
   0.00021   -0.00018   -0.00001    0.00008   -0.00007    0.00065   -0.00094   -0.00020
   0.00123   -0.00093    0.03815   -0.04366   -0.10905    0.02848
 kpt#  75, nband= 14, wtk=  0.00781, kpt=  0.3750  0.3750  0.1250 (reduced coord)
   0.00021   -0.00019   -0.00015    0.00010   -0.00015    0.00505   -0.00379   -0.00316
   0.00228   -0.00066   -0.07641    0.09604    0.02765    0.13091
 kpt#  76, nband= 14, wtk=  0.00781, kpt=  0.5000  0.3750  0.2500 (reduced coord)
   0.00021   -0.00012   -0.00016    0.00013   -0.00014    0.00313   -0.00202   -0.00285
   0.00217   -0.00074   -0.03922   -0.02121    0.09337    0.20122
 kpt#  77, nband= 14, wtk=  0.00781, kpt= -0.3750  0.3750  0.3750 (reduced coord)
  -0.00001    0.00000   -0.00002    0.00001   -0.00001    0.00070   -0.00061   -0.00076
   0.00031    0.00027   -0.01965   -0.01665    0.10488    0.01963
 kpt#  78, nband= 14, wtk=  0.00781, kpt= -0.2500  0.3750  0.5000 (reduced coord)
   0.00017   -0.00021    0.00001    0.00005   -0.00006    0.00144   -0.00153   -0.00045
   0.00094   -0.00052   -0.02946    0.04341    0.04572   -0.07981
 kpt#  79, nband= 14, wtk=  0.00781, kpt= -0.1250  0.3750 -0.3750 (reduced coord)
   0.00025   -0.00021   -0.00012    0.00011   -0.00013    0.00307   -0.00241   -0.00216
   0.00195   -0.00080   -0.06197    0.05849   -0.03355    0.14837
 kpt#  80, nband= 14, wtk=  0.00781, kpt=  0.2500  0.5000  0.1250 (reduced coord)
   0.00017   -0.00012   -0.00012    0.00009   -0.00011    0.00259   -0.00135   -0.00170
   0.00126   -0.00087   -0.05246    0.09366   -0.07969    0.16520
 kpt#  81, nband= 14, wtk=  0.00781, kpt=  0.3750  0.5000  0.2500 (reduced coord)
   0.00021   -0.00012   -0.00016    0.00013   -0.00014    0.00313   -0.00202   -0.00285
   0.00217   -0.00074   -0.03922   -0.02121    0.09337    0.20122
 kpt#  82, nband= 14, wtk=  0.00781, kpt=  0.5000  0.5000  0.3750 (reduced coord)
   0.00004   -0.00001   -0.00011    0.00010   -0.00011    0.00227   -0.00163   -0.00249
   0.00188   -0.00032   -0.03712   -0.04741    0.32952    0.13109
 kpt#  83, nband= 14, wtk=  0.00781, kpt= -0.3750  0.5000  0.5000 (reduced coord)
  -0.00001   -0.00000   -0.00005    0.00001   -0.00004    0.00167   -0.00106   -0.00126
   0.00052    0.00010   -0.05139    0.03575    0.20048    0.04959
 kpt#  84, nband= 14, wtk=  0.00781, kpt= -0.2500  0.5000 -0.3750 (reduced coord)
   0.00017   -0.00012   -0.00012    0.00009   -0.00011    0.00259   -0.00135   -0.00170
   0.00126   -0.00087   -0.05246    0.09366   -0.07969    0.16520
 kpt#  85, nband= 14, wtk=  0.00781, kpt= -0.1250  0.5000 -0.2500 (reduced coord)
   0.00021   -0.00012   -0.00016    0.00013   -0.00014    0.00313   -0.00202   -0.00285
   0.00217   -0.00074   -0.03922   -0.02121    0.09337    0.20122
 kpt#  86, nband= 14, wtk=  0.00781, kpt=  0.0000 -0.3750  0.0000 (reduced coord)
   0.00000    0.00003    0.00003    0.00002    0.00002   -0.00143    0.00048    0.00048
   0.00013    0.00013    0.05054   -0.10938   -0.02131   -0.02131
 kpt#  87, nband= 14, wtk=  0.00781, kpt=  0.1250 -0.3750  0.1250 (reduced coord)
   0.00001    0.00000    0.00005   -0.00001    0.00004   -0.00167    0.00106    0.00126
  -0.00052   -0.00010    0.05139   -0.03575   -0.20048   -0.04959
 kpt#  88, nband= 14, wtk=  0.00781, kpt=  0.2500 -0.3750  0.2500 (reduced coord)
   0.00001   -0.00000    0.00002   -0.00001    0.00001   -0.00070    0.00061    0.00076
  -0.00031   -0.00027    0.01965    0.01665   -0.10488   -0.01963
 kpt#  89, nband= 14, wtk=  0.00781, kpt=  0.3750 -0.3750  0.3750 (reduced coord)
  -0.00001    0.00000   -0.00002    0.00001   -0.00001    0.00070   -0.00061   -0.00076
   0.00031    0.00027   -0.01965   -0.01665    0.10488    0.01963
 kpt#  90, nband= 14, wtk=  0.00781, kpt=  0.5000 -0.3750  0.5000 (reduced coord)
  -0.00001   -0.00000   -0.00005    0.00001   -0.00004    0.00167   -0.00106   -0.00126
   0.00052    0.00010   -0.05139    0.03575    0.20048    0.04959
 kpt#  91, nband= 14, wtk=  0.00781, kpt= -0.3750 -0.3750 -0.3750 (reduced coord)
  -0.00000   -0.00003   -0.00003   -0.00002   -0.00002    0.00143   -0.00048   -0.00048
  -0.00013   -0.00013   -0.05054    0.10938    0.02131    0.02131
 kpt#  92, nband= 14, wtk=  0.00781, kpt= -0.2500 -0.3750 -0.2500 (reduced coord)
   0.00000   -0.00002   -0.00001   -0.00002    0.00000    0.00041   -0.00014    0.00027
  -0.00033   -0.00005   -0.02003    0.10446   -0.13585    0.02102
 kpt#  93, nband= 14, wtk=  0.00781, kpt= -0.1250 -0.3750 -0.1250 (reduced coord)
  -0.00000    0.00002    0.00001    0.00002   -0.00000   -0.00041    0.00014   -0.00027
   0.00033    0.00005    0.02003   -0.10446    0.13585   -0.02102
 kpt#  94, nband= 14, wtk=  0.00781, kpt=  0.0000 -0.2500  0.1250 (reduced coord)
   0.00006    0.00010    0.00004    0.00004    0.00005   -0.00449    0.00226    0.00231
  -0.00044   -0.00010    0.11796   -0.19237   -0.38991   -0.08795
 kpt#  95, nband= 14, wtk=  0.00781, kpt=  0.1250 -0.2500  0.2500 (reduced coord)
   0.00010   -0.00007    0.00014    0.00003    0.00004   -0.00331    0.00151    0.00259
  -0.00031   -0.00056    0.12655   -0.13643   -0.26804   -0.12719
 kpt#  96, nband= 14, wtk=  0.00781, kpt=  0.2500 -0.2500  0.3750 (reduced coord)
   0.00014   -0.00018    0.00011    0.00002    0.00000   -0.00098   -0.00006    0.00151
   0.00022   -0.00065    0.07065   -0.05873   -0.02978   -0.19970
 kpt#  97, nband= 14, wtk=  0.00781, kpt=  0.3750 -0.2500  0.5000 (reduced coord)
   0.00017   -0.00021    0.00001    0.00005   -0.00006    0.00144   -0.00153   -0.00045
   0.00094   -0.00052   -0.02946    0.04341    0.04572   -0.07981
 kpt#  98, nband= 14, wtk=  0.00781, kpt=  0.5000 -0.2500 -0.3750 (reduced coord)
   0.00017   -0.00012   -0.00012    0.00009   -0.00011    0.00259   -0.00135   -0.00170
   0.00126   -0.00087   -0.05246    0.09366   -0.07969    0.16520
 kpt#  99, nband= 14, wtk=  0.00781, kpt= -0.3750 -0.2500 -0.2500 (reduced coord)
   0.00000   -0.00002   -0.00001   -0.00002    0.00000    0.00041   -0.00014    0.00027
  -0.00033   -0.00005   -0.02003    0.10446   -0.13585    0.02102
 kpt# 100, nband= 14, wtk=  0.00781, kpt= -0.2500 -0.2500 -0.1250 (reduced coord)
  -0.00017    0.00014    0.00010   -0.00009    0.00011   -0.00389    0.00266    0.00212
  -0.00153    0.00066    0.02911    0.01670   -0.18107   -0.14331
 kpt# 101, nband= 14, wtk=  0.00781, kpt=  0.0000 -0.1250  0.2500 (reduced coord)
   0.00005    0.00013    0.00006    0.00008    0.00004   -0.00532    0.00253    0.00177
   0.00023   -0.00001    0.15803   -0.40129   -0.11821   -0.12999
 kpt# 102, nband= 14, wtk=  0.00781, kpt=  0.1250 -0.1250  0.3750 (reduced coord)
   0.00013   -0.00007    0.00009    0.00007    0.00001   -0.00276    0.00083    0.00143
   0.00060   -0.00044    0.13980   -0.25130   -0.09499   -0.09118
 kpt# 103, nband= 14, wtk=  0.00781, kpt=  0.2500 -0.1250  0.5000 (reduced coord)
   0.00021   -0.00018   -0.00001    0.00008   -0.00007    0.00065   -0.00094   -0.00020
   0.00123   -0.00093    0.03815   -0.04366   -0.10905    0.02848
 kpt# 104, nband= 14, wtk=  0.00781, kpt=  0.3750 -0.1250 -0.3750 (reduced coord)
   0.00025   -0.00021   -0.00012    0.00011   -0.00013    0.00307   -0.00241   -0.00216
   0.00195   -0.00080   -0.06197    0.05849   -0.03355    0.14837
 kpt# 105, nband= 14, wtk=  0.00781, kpt=  0.5000 -0.1250 -0.2500 (reduced coord)
   0.00021   -0.00012   -0.00016    0.00013   -0.00014    0.00313   -0.00202   -0.00285
   0.00217   -0.00074   -0.03922   -0.02121    0.09337    0.20122
 kpt# 106, nband= 14, wtk=  0.00781, kpt= -0.3750 -0.1250 -0.1250 (reduced coord)
  -0.00000    0.00002    0.00001    0.00002   -0.00000   -0.00041    0.00014   -0.00027
   0.00033    0.00005    0.02003   -0.10446    0.13585   -0.02102
 kpt# 107, nband= 14, wtk=  0.00781, kpt=  0.5000  0.0000  0.1250 (reduced coord)
  -0.00004    0.00001    0.00011   -0.00010    0.00011   -0.00227    0.00163    0.00249
  -0.00188    0.00032    0.03712    0.04741   -0.32952   -0.13109
 kpt# 108, nband= 14, wtk=  0.00781, kpt= -0.3750  0.0000  0.2500 (reduced coord)
  -0.00017    0.00016    0.00015   -0.00011    0.00015   -0.00365    0.00219    0.00321
  -0.00208    0.00059    0.10547   -0.07001   -0.18495   -0.14669
 kpt# 109, nband= 14, wtk=  0.00781, kpt= -0.2500  0.0000  0.3750 (reduced coord)
  -0.00019    0.00016    0.00010   -0.00009    0.00012   -0.00225    0.00097    0.00168
  -0.00146    0.00114    0.06616   -0.10331    0.02480   -0.10743
 kpt# 110, nband= 14, wtk=  0.00781, kpt= -0.1250  0.0000  0.5000 (reduced coord)
  -0.00006   -0.00000    0.00000   -0.00007    0.00004    0.00106   -0.00048   -0.00004
  -0.00085    0.00052   -0.06566    0.11892    0.07143   -0.03191
 kpt# 111, nband= 14, wtk=  0.00781, kpt=  0.0000  0.5000  0.1250 (reduced coord)
  -0.00004    0.00001    0.00011   -0.00010    0.00011   -0.00227    0.00163    0.00249
  -0.00188    0.00032    0.03712    0.04741   -0.32952   -0.13109
 kpt# 112, nband= 14, wtk=  0.00781, kpt=  0.0000 -0.3750  0.2500 (reduced coord)
  -0.00017    0.00016    0.00015   -0.00011    0.00015   -0.00365    0.00219    0.00321
  -0.00208    0.00059    0.10547   -0.07001   -0.18495   -0.14669
 kpt# 113, nband= 14, wtk=  0.00781, kpt=  0.0000 -0.2500  0.3750 (reduced coord)
  -0.00019    0.00016    0.00010   -0.00009    0.00012   -0.00225    0.00097    0.00168
  -0.00146    0.00114    0.06616   -0.10331    0.02480   -0.10743
 kpt# 114, nband= 14, wtk=  0.00781, kpt=  0.0000 -0.1250  0.5000 (reduced coord)
  -0.00006   -0.00000    0.00000   -0.00007    0.00004    0.00106   -0.00048   -0.00004
  -0.00085    0.00052   -0.06566    0.11892    0.07143   -0.03191
 kpt# 115, nband= 14, wtk=  0.00781, kpt=  0.2500  0.0000  0.1250 (reduced coord)
  -0.00017    0.00014    0.00010   -0.00009    0.00011   -0.00389    0.00266    0.00212
  -0.00153    0.00066    0.02911    0.01670   -0.18107   -0.14331
 kpt# 116, nband= 14, wtk=  0.00781, kpt=  0.3750  0.0000  0.2500 (reduced coord)
  -0.00021    0.00019    0.00015   -0.00010    0.00015   -0.00505    0.00379    0.00316
  -0.00228    0.00066    0.07641   -0.09604   -0.02765   -0.13091
 kpt# 117, nband= 14, wtk=  0.00781, kpt=  0.5000  0.0000  0.3750 (reduced coord)
  -0.00019    0.00016    0.00010   -0.00009    0.00012   -0.00342    0.00294    0.00212
  -0.00203    0.00076    0.06656   -0.10448    0.12513   -0.08315
 kpt# 118, nband= 14, wtk=  0.00781, kpt= -0.3750  0.0000  0.5000 (reduced coord)
  -0.00013    0.00006    0.00000   -0.00007    0.00004   -0.00011    0.00091   -0.00008
  -0.00105    0.00058   -0.08327    0.10192    0.20966   -0.02026
 kpt# 119, nband= 14, wtk=  0.00781, kpt= -0.2500  0.0000 -0.3750 (reduced coord)
  -0.00006   -0.00004   -0.00009   -0.00005   -0.00005    0.00335   -0.00112   -0.00183
   0.00003   -0.00003   -0.14725    0.29108    0.21528    0.04741
 kpt# 120, nband= 14, wtk=  0.00781, kpt= -0.1250  0.0000 -0.2500 (reduced coord)
  -0.00002   -0.00009   -0.00013   -0.00004   -0.00008    0.00524   -0.00201   -0.00257
   0.00042   -0.00020   -0.12933    0.44226    0.15849    0.10775
 kpt# 121, nband= 14, wtk=  0.00781, kpt=  0.0000  0.2500  0.1250 (reduced coord)
  -0.00017    0.00014    0.00010   -0.00009    0.00011   -0.00389    0.00266    0.00212
  -0.00153    0.00066    0.02911    0.01670   -0.18107   -0.14331
 kpt# 122, nband= 14, wtk=  0.00781, kpt=  0.0000  0.3750  0.2500 (reduced coord)
  -0.00021    0.00019    0.00015   -0.00010    0.00015   -0.00505    0.00379    0.00316
  -0.00228    0.00066    0.07641   -0.09604   -0.02765   -0.13091
 kpt# 123, nband= 14, wtk=  0.00781, kpt=  0.0000  0.5000  0.3750 (reduced coord)
  -0.00019    0.00016    0.00010   -0.00009    0.00012   -0.00342    0.00294    0.00212
  -0.00203    0.00076    0.06656   -0.10448    0.12513   -0.08315
 kpt# 124, nband= 14, wtk=  0.00781, kpt=  0.0000 -0.3750  0.5000 (reduced coord)
  -0.00013    0.00006    0.00000   -0.00007    0.00004   -0.00011    0.00091   -0.00008
  -0.00105    0.00058   -0.08327    0.10192    0.20966   -0.02026
 kpt# 125, nband= 14, wtk=  0.00781, kpt=  0.0000 -0.2500 -0.3750 (reduced coord)
  -0.00006   -0.00004   -0.00009   -0.00005   -0.00005    0.00335   -0.00112   -0.00183
   0.00003   -0.00003   -0.14725    0.29108    0.21528    0.04741
 kpt# 126, nband= 14, wtk=  0.00781, kpt=  0.0000 -0.1250 -0.2500 (reduced coord)
  -0.00002   -0.00009   -0.00013   -0.00004   -0.00008    0.00524   -0.00201   -0.00257
   0.00042   -0.00020   -0.12933    0.44226    0.15849    0.10775
 kpt# 127, nband= 14, wtk=  0.00781, kpt=  0.0000  0.0000  0.1250 (reduced coord)
   0.00001    0.00009    0.00009    0.00005    0.00005   -0.00449    0.00195    0.00195
  -0.00015   -0.00015    0.08381   -0.54010   -0.10883   -0.10883
 kpt# 128, nband= 14, wtk=  0.00781, kpt=  0.0000  0.0000  0.3750 (reduced coord)
   0.00001    0.00009    0.00009    0.00005    0.00005   -0.00428    0.00143    0.00143
   0.00039    0.00039    0.15162   -0.32815   -0.06392   -0.06392
