
 **** DERIVATIVE DATABASE ****    
+DDB, Version number    100401

  Note : temporary (transfer) database

    usepaw         0
     natom         2
      nkpt       128
    nsppol         1
      nsym        24
    ntypat         2
    occopt         1
     nband        14
     acell  0.12181502674000D+02  0.12181502674000D+02  0.12181502674000D+02
       amu  0.11482000000000D+03  0.12175300000000D+03
   dilatmx  0.10500000000000D+01
      ecut  0.42000000000000D+02
    ecutsm  0.50000000000000D+00
     intxc         0
      iscf         7
       ixc     -1012
       kpt -0.12500000000000D+00 -0.25000000000000D+00  0.00000000000000D+00
           -0.25000000000000D+00 -0.12500000000000D+00  0.00000000000000D+00
           -0.12500000000000D+00 -0.12500000000000D+00  0.12500000000000D+00
           -0.12500000000000D+00  0.50000000000000D+00  0.00000000000000D+00
           -0.25000000000000D+00 -0.37500000000000D+00  0.00000000000000D+00
           -0.12500000000000D+00 -0.37500000000000D+00  0.12500000000000D+00
           -0.37500000000000D+00 -0.25000000000000D+00  0.00000000000000D+00
           -0.25000000000000D+00 -0.25000000000000D+00  0.12500000000000D+00
           -0.12500000000000D+00 -0.25000000000000D+00  0.25000000000000D+00
            0.50000000000000D+00 -0.12500000000000D+00  0.00000000000000D+00
           -0.37500000000000D+00 -0.12500000000000D+00  0.12500000000000D+00
           -0.25000000000000D+00 -0.12500000000000D+00  0.25000000000000D+00
           -0.12500000000000D+00 -0.12500000000000D+00  0.37500000000000D+00
           -0.12500000000000D+00  0.25000000000000D+00  0.00000000000000D+00
           -0.25000000000000D+00  0.37500000000000D+00  0.00000000000000D+00
           -0.12500000000000D+00  0.37500000000000D+00  0.12500000000000D+00
           -0.37500000000000D+00  0.50000000000000D+00  0.00000000000000D+00
           -0.25000000000000D+00  0.50000000000000D+00  0.12500000000000D+00
           -0.12500000000000D+00  0.50000000000000D+00  0.25000000000000D+00
            0.50000000000000D+00 -0.37500000000000D+00  0.00000000000000D+00
           -0.37500000000000D+00 -0.37500000000000D+00  0.12500000000000D+00
           -0.25000000000000D+00 -0.37500000000000D+00  0.25000000000000D+00
           -0.12500000000000D+00 -0.37500000000000D+00  0.37500000000000D+00
            0.37500000000000D+00 -0.25000000000000D+00  0.00000000000000D+00
            0.50000000000000D+00 -0.25000000000000D+00  0.12500000000000D+00
           -0.37500000000000D+00 -0.25000000000000D+00  0.25000000000000D+00
           -0.25000000000000D+00 -0.25000000000000D+00  0.37500000000000D+00
           -0.12500000000000D+00 -0.25000000000000D+00  0.50000000000000D+00
            0.25000000000000D+00 -0.12500000000000D+00  0.00000000000000D+00
            0.37500000000000D+00 -0.12500000000000D+00  0.12500000000000D+00
            0.50000000000000D+00 -0.12500000000000D+00  0.25000000000000D+00
           -0.37500000000000D+00 -0.12500000000000D+00  0.37500000000000D+00
           -0.25000000000000D+00 -0.12500000000000D+00  0.50000000000000D+00
           -0.12500000000000D+00 -0.12500000000000D+00 -0.37500000000000D+00
           -0.12500000000000D+00  0.00000000000000D+00  0.00000000000000D+00
           -0.12500000000000D+00  0.12500000000000D+00  0.12500000000000D+00
           -0.25000000000000D+00  0.25000000000000D+00  0.12500000000000D+00
           -0.12500000000000D+00  0.25000000000000D+00  0.25000000000000D+00
           -0.37500000000000D+00  0.37500000000000D+00  0.12500000000000D+00
           -0.25000000000000D+00  0.37500000000000D+00  0.25000000000000D+00
           -0.12500000000000D+00  0.37500000000000D+00  0.37500000000000D+00
            0.50000000000000D+00  0.50000000000000D+00  0.12500000000000D+00
           -0.37500000000000D+00  0.50000000000000D+00  0.25000000000000D+00
           -0.25000000000000D+00  0.50000000000000D+00  0.37500000000000D+00
           -0.12500000000000D+00  0.50000000000000D+00  0.50000000000000D+00
            0.37500000000000D+00 -0.37500000000000D+00  0.12500000000000D+00
            0.50000000000000D+00 -0.37500000000000D+00  0.25000000000000D+00
           -0.37500000000000D+00 -0.37500000000000D+00  0.37500000000000D+00
           -0.25000000000000D+00 -0.37500000000000D+00  0.50000000000000D+00
           -0.12500000000000D+00 -0.37500000000000D+00 -0.37500000000000D+00
            0.25000000000000D+00 -0.25000000000000D+00  0.12500000000000D+00
            0.37500000000000D+00 -0.25000000000000D+00  0.25000000000000D+00
            0.50000000000000D+00 -0.25000000000000D+00  0.37500000000000D+00
           -0.37500000000000D+00 -0.25000000000000D+00  0.50000000000000D+00
           -0.25000000000000D+00 -0.25000000000000D+00 -0.37500000000000D+00
           -0.12500000000000D+00 -0.25000000000000D+00 -0.25000000000000D+00
            0.00000000000000D+00 -0.12500000000000D+00  0.00000000000000D+00
            0.12500000000000D+00 -0.12500000000000D+00  0.12500000000000D+00
            0.25000000000000D+00 -0.12500000000000D+00  0.25000000000000D+00
            0.37500000000000D+00 -0.12500000000000D+00  0.37500000000000D+00
            0.50000000000000D+00 -0.12500000000000D+00  0.50000000000000D+00
           -0.37500000000000D+00 -0.12500000000000D+00 -0.37500000000000D+00
           -0.25000000000000D+00 -0.12500000000000D+00 -0.25000000000000D+00
           -0.12500000000000D+00 -0.12500000000000D+00 -0.12500000000000D+00
           -0.37500000000000D+00  0.00000000000000D+00  0.00000000000000D+00
           -0.25000000000000D+00  0.00000000000000D+00  0.12500000000000D+00
           -0.12500000000000D+00  0.00000000000000D+00  0.25000000000000D+00
           -0.37500000000000D+00  0.12500000000000D+00  0.12500000000000D+00
           -0.25000000000000D+00  0.12500000000000D+00  0.25000000000000D+00
           -0.12500000000000D+00  0.12500000000000D+00  0.37500000000000D+00
            0.50000000000000D+00  0.25000000000000D+00  0.12500000000000D+00
           -0.37500000000000D+00  0.25000000000000D+00  0.25000000000000D+00
           -0.25000000000000D+00  0.25000000000000D+00  0.37500000000000D+00
           -0.12500000000000D+00  0.25000000000000D+00  0.50000000000000D+00
            0.37500000000000D+00  0.37500000000000D+00  0.12500000000000D+00
            0.50000000000000D+00  0.37500000000000D+00  0.25000000000000D+00
           -0.37500000000000D+00  0.37500000000000D+00  0.37500000000000D+00
           -0.25000000000000D+00  0.37500000000000D+00  0.50000000000000D+00
           -0.12500000000000D+00  0.37500000000000D+00 -0.37500000000000D+00
            0.25000000000000D+00  0.50000000000000D+00  0.12500000000000D+00
            0.37500000000000D+00  0.50000000000000D+00  0.25000000000000D+00
            0.50000000000000D+00  0.50000000000000D+00  0.37500000000000D+00
           -0.37500000000000D+00  0.50000000000000D+00  0.50000000000000D+00
           -0.25000000000000D+00  0.50000000000000D+00 -0.37500000000000D+00
           -0.12500000000000D+00  0.50000000000000D+00 -0.25000000000000D+00
            0.00000000000000D+00 -0.37500000000000D+00  0.00000000000000D+00
            0.12500000000000D+00 -0.37500000000000D+00  0.12500000000000D+00
            0.25000000000000D+00 -0.37500000000000D+00  0.25000000000000D+00
            0.37500000000000D+00 -0.37500000000000D+00  0.37500000000000D+00
            0.50000000000000D+00 -0.37500000000000D+00  0.50000000000000D+00
           -0.37500000000000D+00 -0.37500000000000D+00 -0.37500000000000D+00
           -0.25000000000000D+00 -0.37500000000000D+00 -0.25000000000000D+00
           -0.12500000000000D+00 -0.37500000000000D+00 -0.12500000000000D+00
            0.00000000000000D+00 -0.25000000000000D+00  0.12500000000000D+00
            0.12500000000000D+00 -0.25000000000000D+00  0.25000000000000D+00
            0.25000000000000D+00 -0.25000000000000D+00  0.37500000000000D+00
            0.37500000000000D+00 -0.25000000000000D+00  0.50000000000000D+00
            0.50000000000000D+00 -0.25000000000000D+00 -0.37500000000000D+00
           -0.37500000000000D+00 -0.25000000000000D+00 -0.25000000000000D+00
           -0.25000000000000D+00 -0.25000000000000D+00 -0.12500000000000D+00
            0.00000000000000D+00 -0.12500000000000D+00  0.25000000000000D+00
            0.12500000000000D+00 -0.12500000000000D+00  0.37500000000000D+00
            0.25000000000000D+00 -0.12500000000000D+00  0.50000000000000D+00
            0.37500000000000D+00 -0.12500000000000D+00 -0.37500000000000D+00
            0.50000000000000D+00 -0.12500000000000D+00 -0.25000000000000D+00
           -0.37500000000000D+00 -0.12500000000000D+00 -0.12500000000000D+00
            0.50000000000000D+00  0.00000000000000D+00  0.12500000000000D+00
           -0.37500000000000D+00  0.00000000000000D+00  0.25000000000000D+00
           -0.25000000000000D+00  0.00000000000000D+00  0.37500000000000D+00
           -0.12500000000000D+00  0.00000000000000D+00  0.50000000000000D+00
            0.00000000000000D+00  0.50000000000000D+00  0.12500000000000D+00
            0.00000000000000D+00 -0.37500000000000D+00  0.25000000000000D+00
            0.00000000000000D+00 -0.25000000000000D+00  0.37500000000000D+00
            0.00000000000000D+00 -0.12500000000000D+00  0.50000000000000D+00
            0.25000000000000D+00  0.00000000000000D+00  0.12500000000000D+00
            0.37500000000000D+00  0.00000000000000D+00  0.25000000000000D+00
            0.50000000000000D+00  0.00000000000000D+00  0.37500000000000D+00
           -0.37500000000000D+00  0.00000000000000D+00  0.50000000000000D+00
           -0.25000000000000D+00  0.00000000000000D+00 -0.37500000000000D+00
           -0.12500000000000D+00  0.00000000000000D+00 -0.25000000000000D+00
            0.00000000000000D+00  0.25000000000000D+00  0.12500000000000D+00
            0.00000000000000D+00  0.37500000000000D+00  0.25000000000000D+00
            0.00000000000000D+00  0.50000000000000D+00  0.37500000000000D+00
            0.00000000000000D+00 -0.37500000000000D+00  0.50000000000000D+00
            0.00000000000000D+00 -0.25000000000000D+00 -0.37500000000000D+00
            0.00000000000000D+00 -0.12500000000000D+00 -0.25000000000000D+00
            0.00000000000000D+00  0.00000000000000D+00  0.12500000000000D+00
            0.00000000000000D+00  0.00000000000000D+00  0.37500000000000D+00
    kptnrm  0.10000000000000D+01
     ngfft        54   54   54
    nspden         1
   nspinor         1
       occ  0.20000000000000D+01  0.20000000000000D+01  0.20000000000000D+01
            0.20000000000000D+01  0.20000000000000D+01  0.20000000000000D+01
            0.20000000000000D+01  0.20000000000000D+01  0.20000000000000D+01
            0.20000000000000D+01  0.20000000000000D+01  0.20000000000000D+01
            0.20000000000000D+01  0.20000000000000D+01
     rprim  0.00000000000000D+00  0.50000000000000D+00  0.50000000000000D+00
            0.50000000000000D+00  0.00000000000000D+00  0.50000000000000D+00
            0.50000000000000D+00  0.50000000000000D+00  0.00000000000000D+00
  dfpt_sciss  0.00000000000000D+00
    spinat  0.00000000000000D+00  0.00000000000000D+00  0.00000000000000D+00
            0.00000000000000D+00  0.00000000000000D+00  0.00000000000000D+00
    symafm         1    1    1    1    1    1    1    1    1    1    1    1
                   1    1    1    1    1    1    1    1    1    1    1    1
    symrel         1    0    0    0    1    0    0    0    1
                   0   -1    1    0   -1    0    1   -1    0
                  -1    0    0   -1    0    1   -1    1    0
                   0    1   -1    1    0   -1    0    0   -1
                  -1    0    0   -1    1    0   -1    0    1
                   0   -1    1    1   -1    0    0   -1    0
                   1    0    0    0    0    1    0    1    0
                   0    1   -1    0    0   -1    1    0   -1
                  -1    0    1   -1    1    0   -1    0    0
                   0   -1    0    1   -1    0    0   -1    1
                   1    0   -1    0    0   -1    0    1   -1
                   0    1    0    0    0    1    1    0    0
                   1    0   -1    0    1   -1    0    0   -1
                   0   -1    0    0   -1    1    1   -1    0
                  -1    0    1   -1    0    0   -1    1    0
                   0    1    0    1    0    0    0    0    1
                   0    0   -1    0    1   -1    1    0   -1
                   1   -1    0    0   -1    1    0   -1    0
                   0    0    1    1    0    0    0    1    0
                  -1    1    0   -1    0    0   -1    0    1
                   0    0    1    0    1    0    1    0    0
                   1   -1    0    0   -1    0    0   -1    1
                   0    0   -1    1    0   -1    0    1   -1
                  -1    1    0   -1    0    1   -1    0    0
     tnons  0.00000000000000D+00  0.00000000000000D+00  0.00000000000000D+00
            0.00000000000000D+00  0.00000000000000D+00  0.00000000000000D+00
            0.00000000000000D+00  0.00000000000000D+00  0.00000000000000D+00
            0.00000000000000D+00  0.00000000000000D+00  0.00000000000000D+00
            0.00000000000000D+00  0.00000000000000D+00  0.00000000000000D+00
            0.00000000000000D+00  0.00000000000000D+00  0.00000000000000D+00
            0.00000000000000D+00  0.00000000000000D+00  0.00000000000000D+00
            0.00000000000000D+00  0.00000000000000D+00  0.00000000000000D+00
            0.00000000000000D+00  0.00000000000000D+00  0.00000000000000D+00
            0.00000000000000D+00  0.00000000000000D+00  0.00000000000000D+00
            0.00000000000000D+00  0.00000000000000D+00  0.00000000000000D+00
            0.00000000000000D+00  0.00000000000000D+00  0.00000000000000D+00
            0.00000000000000D+00  0.00000000000000D+00  0.00000000000000D+00
            0.00000000000000D+00  0.00000000000000D+00  0.00000000000000D+00
            0.00000000000000D+00  0.00000000000000D+00  0.00000000000000D+00
            0.00000000000000D+00  0.00000000000000D+00  0.00000000000000D+00
            0.00000000000000D+00  0.00000000000000D+00  0.00000000000000D+00
            0.00000000000000D+00  0.00000000000000D+00  0.00000000000000D+00
            0.00000000000000D+00  0.00000000000000D+00  0.00000000000000D+00
            0.00000000000000D+00  0.00000000000000D+00  0.00000000000000D+00
            0.00000000000000D+00  0.00000000000000D+00  0.00000000000000D+00
            0.00000000000000D+00  0.00000000000000D+00  0.00000000000000D+00
            0.00000000000000D+00  0.00000000000000D+00  0.00000000000000D+00
            0.00000000000000D+00  0.00000000000000D+00  0.00000000000000D+00
    tolwfr  0.10000000000000D+01
   tphysel  0.00000000000000D+00
    tsmear  0.10000000000000D-01
     typat         1    2
       wtk  0.78125000000000D-02  0.78125000000000D-02  0.78125000000000D-02
            0.78125000000000D-02  0.78125000000000D-02  0.78125000000000D-02
            0.78125000000000D-02  0.78125000000000D-02  0.78125000000000D-02
            0.78125000000000D-02  0.78125000000000D-02  0.78125000000000D-02
            0.78125000000000D-02  0.78125000000000D-02  0.78125000000000D-02
            0.78125000000000D-02  0.78125000000000D-02  0.78125000000000D-02
            0.78125000000000D-02  0.78125000000000D-02  0.78125000000000D-02
            0.78125000000000D-02  0.78125000000000D-02  0.78125000000000D-02
            0.78125000000000D-02  0.78125000000000D-02  0.78125000000000D-02
            0.78125000000000D-02  0.78125000000000D-02  0.78125000000000D-02
            0.78125000000000D-02  0.78125000000000D-02  0.78125000000000D-02
            0.78125000000000D-02  0.78125000000000D-02  0.78125000000000D-02
            0.78125000000000D-02  0.78125000000000D-02  0.78125000000000D-02
            0.78125000000000D-02  0.78125000000000D-02  0.78125000000000D-02
            0.78125000000000D-02  0.78125000000000D-02  0.78125000000000D-02
            0.78125000000000D-02  0.78125000000000D-02  0.78125000000000D-02
            0.78125000000000D-02  0.78125000000000D-02  0.78125000000000D-02
            0.78125000000000D-02  0.78125000000000D-02  0.78125000000000D-02
            0.78125000000000D-02  0.78125000000000D-02  0.78125000000000D-02
            0.78125000000000D-02  0.78125000000000D-02  0.78125000000000D-02
            0.78125000000000D-02  0.78125000000000D-02  0.78125000000000D-02
            0.78125000000000D-02  0.78125000000000D-02  0.78125000000000D-02
            0.78125000000000D-02  0.78125000000000D-02  0.78125000000000D-02
            0.78125000000000D-02  0.78125000000000D-02  0.78125000000000D-02
            0.78125000000000D-02  0.78125000000000D-02  0.78125000000000D-02
            0.78125000000000D-02  0.78125000000000D-02  0.78125000000000D-02
            0.78125000000000D-02  0.78125000000000D-02  0.78125000000000D-02
            0.78125000000000D-02  0.78125000000000D-02  0.78125000000000D-02
            0.78125000000000D-02  0.78125000000000D-02  0.78125000000000D-02
            0.78125000000000D-02  0.78125000000000D-02  0.78125000000000D-02
            0.78125000000000D-02  0.78125000000000D-02  0.78125000000000D-02
            0.78125000000000D-02  0.78125000000000D-02  0.78125000000000D-02
            0.78125000000000D-02  0.78125000000000D-02  0.78125000000000D-02
            0.78125000000000D-02  0.78125000000000D-02  0.78125000000000D-02
            0.78125000000000D-02  0.78125000000000D-02  0.78125000000000D-02
            0.78125000000000D-02  0.78125000000000D-02  0.78125000000000D-02
            0.78125000000000D-02  0.78125000000000D-02  0.78125000000000D-02
            0.78125000000000D-02  0.78125000000000D-02  0.78125000000000D-02
            0.78125000000000D-02  0.78125000000000D-02  0.78125000000000D-02
            0.78125000000000D-02  0.78125000000000D-02  0.78125000000000D-02
            0.78125000000000D-02  0.78125000000000D-02  0.78125000000000D-02
            0.78125000000000D-02  0.78125000000000D-02  0.78125000000000D-02
            0.78125000000000D-02  0.78125000000000D-02
      xred  0.00000000000000D+00  0.00000000000000D+00  0.00000000000000D+00
            0.25000000000000D+00  0.25000000000000D+00  0.25000000000000D+00
     znucl  0.49000000000000D+02  0.51000000000000D+02
      zion  0.13000000000000D+02  0.15000000000000D+02
 
  Description of the potentials (KB energies)
  vrsio8 (for pseudopotentials)=100401
  usepaw =  0
  dimekb =  6       lmnmax=  6
  Atom type=    1   pspso=  0   nekb=   6
  iln lpsang iproj  ekb(:)
     1     0     1     8.1336241E+00  0.0000000E+00  0.0000000E+00  0.0000000E+00
                       0.0000000E+00  0.0000000E+00
     2     0     2     0.0000000E+00  1.2260308E+00  0.0000000E+00  0.0000000E+00
                       0.0000000E+00  0.0000000E+00
     3     1     1     0.0000000E+00  0.0000000E+00  5.9762547E+00  0.0000000E+00
                       0.0000000E+00  0.0000000E+00
     4     1     2     0.0000000E+00  0.0000000E+00  0.0000000E+00  1.0153184E+00
                       0.0000000E+00  0.0000000E+00
     5     2     1     0.0000000E+00  0.0000000E+00  0.0000000E+00  0.0000000E+00
                      -4.0924032E+00  0.0000000E+00
     6     2     2     0.0000000E+00  0.0000000E+00  0.0000000E+00  0.0000000E+00
                      -4.0924032E+00  0.0000000E+00
  Atom type=    2   pspso=  0   nekb=   6
  iln lpsang iproj  ekb(:)
     1     0     1     7.7907068E+00  0.0000000E+00  0.0000000E+00  0.0000000E+00
                       0.0000000E+00  0.0000000E+00
     2     0     2     0.0000000E+00  1.0443563E+00  0.0000000E+00  0.0000000E+00
                       0.0000000E+00  0.0000000E+00
     3     1     1     0.0000000E+00  0.0000000E+00  5.4633671E+00  0.0000000E+00
                       0.0000000E+00  0.0000000E+00
     4     1     2     0.0000000E+00  0.0000000E+00  0.0000000E+00  7.0439810E-01
                       0.0000000E+00  0.0000000E+00
     5     2     1     0.0000000E+00  0.0000000E+00  0.0000000E+00  0.0000000E+00
                      -4.7914887E+00  0.0000000E+00
     6     2     2     0.0000000E+00  0.0000000E+00  0.0000000E+00  0.0000000E+00
                      -4.7914887E+00  0.0000000E+00
 
 **** Database of total energy derivatives ****
 Number of data blocks=    1
  
 3rd derivatives              - # elements :     189
 qpt  0.00000000E+00  0.00000000E+00  0.00000000E+00   1.0
      0.00000000E+00  0.00000000E+00  0.00000000E+00   1.0
      0.00000000E+00  0.00000000E+00  0.00000000E+00   1.0
   1   4   1   4   1   1 -0.28564097868394D+03  0.78760701170127D+02
   2   4   1   4   1   1  0.14282047184299D+03 -0.31885822476287D+02
   3   4   1   4   1   1  0.14282047184299D+03 -0.31885822476287D+02
   1   4   2   4   1   1  0.14282048248306D+03  0.65409642382295D+01
   2   4   2   4   1   1  0.00000000000000D+00  0.00000000000000D+00
   3   4   2   4   1   1  0.00000000000000D+00  0.00000000000000D+00
   1   4   3   4   1   1  0.14282048248306D+03  0.65409642382295D+01
   2   4   3   4   1   1  0.00000000000000D+00  0.00000000000000D+00
   3   4   3   4   1   1  0.00000000000000D+00  0.00000000000000D+00
   1   4   1   4   2   1  0.00000000000000D+00  0.00000000000000D+00
   2   4   1   4   2   1  0.14282048556080D+03 -0.12372845212287D+03
   3   4   1   4   2   1  0.00000000000000D+00  0.00000000000000D+00
   1   4   2   4   2   1  0.14282047184299D+03 -0.31885822476287D+02
   2   4   2   4   2   1 -0.28564097868394D+03  0.78760701170127D+02
   3   4   2   4   2   1  0.14282047184299D+03 -0.31885822476287D+02
   1   4   3   4   2   1  0.00000000000000D+00  0.00000000000000D+00
   2   4   3   4   2   1  0.14282048248306D+03  0.65409642382295D+01
   3   4   3   4   2   1  0.00000000000000D+00  0.00000000000000D+00
   1   4   1   4   3   1  0.00000000000000D+00  0.00000000000000D+00
   2   4   1   4   3   1  0.00000000000000D+00  0.00000000000000D+00
   3   4   1   4   3   1  0.14282048248306D+03  0.65409642382295D+01
   1   4   2   4   3   1  0.00000000000000D+00  0.00000000000000D+00
   2   4   2   4   3   1  0.00000000000000D+00  0.00000000000000D+00
   3   4   2   4   3   1  0.14282048556080D+03 -0.12372845212287D+03
   1   4   3   4   3   1  0.14282047184299D+03 -0.31885822476287D+02
   2   4   3   4   3   1  0.14282047184299D+03 -0.31885822476287D+02
   3   4   3   4   3   1 -0.28564097868394D+03  0.78760701170127D+02
   1   4   1   4   1   2  0.24963206772595D+03 -0.33488252907873D+03
   2   4   1   4   1   2 -0.12481603626659D+03  0.71079709922327D+02
   3   4   1   4   1   2 -0.12481603626659D+03  0.71079709922327D+02
   1   4   2   4   1   2 -0.12481603628914D+03 -0.51063256581150D+02
   2   4   2   4   1   2  0.00000000000000D+00  0.00000000000000D+00
   3   4   2   4   1   2  0.00000000000000D+00  0.00000000000000D+00
   1   4   3   4   1   2 -0.12481603628914D+03 -0.51063256581150D+02
   2   4   3   4   1   2  0.00000000000000D+00  0.00000000000000D+00
   3   4   3   4   1   2  0.00000000000000D+00  0.00000000000000D+00
   1   4   1   4   2   2  0.00000000000000D+00  0.00000000000000D+00
   2   4   1   4   2   2 -0.12481603141426D+03  0.50808875216336D+03
   3   4   1   4   2   2  0.00000000000000D+00  0.00000000000000D+00
   1   4   2   4   2   2 -0.12481603626659D+03  0.71079709922327D+02
   2   4   2   4   2   2  0.24963206772595D+03 -0.33488252907873D+03
   3   4   2   4   2   2 -0.12481603626659D+03  0.71079709922327D+02
   1   4   3   4   2   2  0.00000000000000D+00  0.00000000000000D+00
   2   4   3   4   2   2 -0.12481603628914D+03 -0.51063256581150D+02
   3   4   3   4   2   2  0.00000000000000D+00  0.00000000000000D+00
   1   4   1   4   3   2  0.00000000000000D+00  0.00000000000000D+00
   2   4   1   4   3   2  0.00000000000000D+00  0.00000000000000D+00
   3   4   1   4   3   2 -0.12481603628914D+03 -0.51063256581150D+02
   1   4   2   4   3   2  0.00000000000000D+00  0.00000000000000D+00
   2   4   2   4   3   2  0.00000000000000D+00  0.00000000000000D+00
   3   4   2   4   3   2 -0.12481603141426D+03  0.50808875216336D+03
   1   4   3   4   3   2 -0.12481603626659D+03  0.71079709922327D+02
   2   4   3   4   3   2 -0.12481603626659D+03  0.71079709922327D+02
   3   4   3   4   3   2  0.24963206772595D+03 -0.33488252907873D+03
   1   4   1   1   1   4 -0.88699394189562D+03 -0.37692872666187D-12
   2   4   1   1   1   4  0.44349696691270D+03  0.85472336600265D+01
   3   4   1   1   1   4  0.44349696691270D+03  0.85472336600265D+01
   1   4   2   1   1   4  0.00000000000000D+00  0.00000000000000D+00
   2   4   2   1   1   4  0.44349697498292D+03 -0.85472336600262D+01
   3   4   2   1   1   4  0.00000000000000D+00  0.00000000000000D+00
   1   4   3   1   1   4  0.00000000000000D+00  0.00000000000000D+00
   2   4   3   1   1   4  0.00000000000000D+00  0.00000000000000D+00
   3   4   3   1   1   4  0.44349696691270D+03  0.85472336600265D+01
   1   4   1   2   1   4  0.96526599488785D+03 -0.11737486665413D-12
   2   4   1   2   1   4 -0.48263299365312D+03 -0.78617568552313D+01
   3   4   1   2   1   4 -0.48263299365312D+03 -0.78617568552313D+01
   1   4   2   2   1   4  0.00000000000000D+00  0.00000000000000D+00
   2   4   2   2   1   4 -0.48263300123472D+03  0.78617568552314D+01
   3   4   2   2   1   4  0.00000000000000D+00  0.00000000000000D+00
   1   4   3   2   1   4  0.00000000000000D+00  0.00000000000000D+00
   2   4   3   2   1   4  0.00000000000000D+00  0.00000000000000D+00
   3   4   3   2   1   4 -0.48263299365312D+03 -0.78617568552313D+01
   1   1   1   4   1   4 -0.28564097868394D+03  0.78760701170127D+02
   2   1   1   4   1   4  0.00000000000000D+00  0.00000000000000D+00
   3   1   1   4   1   4  0.00000000000000D+00  0.00000000000000D+00
   1   2   1   4   1   4  0.24963206772595D+03 -0.33488252907873D+03
   2   2   1   4   1   4  0.00000000000000D+00  0.00000000000000D+00
   3   2   1   4   1   4  0.00000000000000D+00  0.00000000000000D+00
   1   4   1   4   1   4  0.78703983027449D+04  0.13982456093503D+05
   2   4   1   4   1   4 -0.26234661029114D+04 -0.62297081882104D+04
   3   4   1   4   1   4 -0.26234661034918D+04 -0.24310784769337D+05
   1   1   2   4   1   4  0.14282048248306D+03  0.65409642382295D+01
   2   1   2   4   1   4  0.14282051748102D+03 -0.84480919793239D+01
   3   1   2   4   1   4  0.00000000000000D+00  0.00000000000000D+00
   1   2   2   4   1   4 -0.12481603628914D+03 -0.51063256581150D+02
   2   2   2   4   1   4 -0.12481603148192D+03  0.14165985265293D+03
   3   2   2   4   1   4  0.00000000000000D+00  0.00000000000000D+00
   1   4   2   4   1   4 -0.26234661008697D+04  0.41283996005071D+04
   2   4   2   4   1   4 -0.26234661014501D+04 -0.13952676980619D+05
   3   4   2   4   1   4  0.26234660983007D+04  0.46918403294770D+04
   1   1   3   4   1   4  0.14282048248306D+03  0.65409642382295D+01
   2   1   3   4   1   4  0.00000000000000D+00  0.00000000000000D+00
   3   1   3   4   1   4  0.14282047184299D+03 -0.31885822476287D+02
   1   2   3   4   1   4 -0.12481603628914D+03 -0.51063256581150D+02
   2   2   3   4   1   4  0.00000000000000D+00  0.00000000000000D+00
   3   2   3   4   1   4 -0.12481603626659D+03  0.71079709922327D+02
   1   4   3   4   1   4 -0.26234661008697D+04  0.41283996005071D+04
   2   4   3   4   1   4  0.26234661040191D+04  0.51324370506351D+04
   3   4   3   4   1   4 -0.26234660983834D+04  0.61999290753270D+04
   1   4   1   1   2   4  0.44349696691270D+03  0.85472336600265D+01
   2   4   1   1   2   4  0.00000000000000D+00  0.00000000000000D+00
   3   4   1   1   2   4  0.00000000000000D+00  0.00000000000000D+00
   1   4   2   1   2   4  0.44349696691270D+03  0.85472336600265D+01
   2   4   2   1   2   4 -0.88699394189562D+03 -0.37692872666187D-12
   3   4   2   1   2   4  0.44349696691270D+03  0.85472336600265D+01
   1   4   3   1   2   4  0.00000000000000D+00  0.00000000000000D+00
   2   4   3   1   2   4  0.00000000000000D+00  0.00000000000000D+00
   3   4   3   1   2   4  0.44349697498292D+03 -0.85472336600262D+01
   1   4   1   2   2   4 -0.48263299365312D+03 -0.78617568552313D+01
   2   4   1   2   2   4  0.00000000000000D+00  0.00000000000000D+00
   3   4   1   2   2   4  0.00000000000000D+00  0.00000000000000D+00
   1   4   2   2   2   4 -0.48263299365312D+03 -0.78617568552313D+01
   2   4   2   2   2   4  0.96526599488785D+03 -0.11737486665413D-12
   3   4   2   2   2   4 -0.48263299365312D+03 -0.78617568552313D+01
   1   4   3   2   2   4  0.00000000000000D+00  0.00000000000000D+00
   2   4   3   2   2   4  0.00000000000000D+00  0.00000000000000D+00
   3   4   3   2   2   4 -0.48263300123472D+03  0.78617568552314D+01
   1   1   1   4   2   4  0.14282047184299D+03 -0.31885822476287D+02
   2   1   1   4   2   4  0.14282048248306D+03  0.65409642382295D+01
   3   1   1   4   2   4  0.00000000000000D+00  0.00000000000000D+00
   1   2   1   4   2   4 -0.12481603626659D+03  0.71079709922327D+02
   2   2   1   4   2   4 -0.12481603628914D+03 -0.51063256581150D+02
   3   2   1   4   2   4  0.00000000000000D+00  0.00000000000000D+00
   1   4   1   4   2   4 -0.26234661029114D+04 -0.62297081882104D+04
   2   4   1   4   2   4 -0.26234661010055D+04 -0.22239255294517D+05
   3   4   1   4   2   4  0.26234661003424D+04  0.15049948118194D+05
   1   1   2   4   2   4  0.00000000000000D+00  0.00000000000000D+00
   2   1   2   4   2   4 -0.28564097868394D+03  0.78760701170127D+02
   3   1   2   4   2   4  0.00000000000000D+00  0.00000000000000D+00
   1   2   2   4   2   4  0.00000000000000D+00  0.00000000000000D+00
   2   2   2   4   2   4  0.24963206772595D+03 -0.33488252907873D+03
   3   2   2   4   2   4  0.00000000000000D+00  0.00000000000000D+00
   1   4   2   4   2   4 -0.26234661014501D+04 -0.13952676980619D+05
   2   4   2   4   2   4  0.78703983027449D+04  0.13982456093503D+05
   3   4   2   4   2   4 -0.26234661029114D+04 -0.62297081882104D+04
   1   1   3   4   2   4  0.00000000000000D+00  0.00000000000000D+00
   2   1   3   4   2   4  0.14282048248306D+03  0.65409642382295D+01
   3   1   3   4   2   4  0.14282051748102D+03 -0.84480919793239D+01
   1   2   3   4   2   4  0.00000000000000D+00  0.00000000000000D+00
   2   2   3   4   2   4 -0.12481603628914D+03 -0.51063256581150D+02
   3   2   3   4   2   4 -0.12481603148192D+03  0.14165985265293D+03
   1   4   3   4   2   4  0.26234661040191D+04  0.51324370506351D+04
   2   4   3   4   2   4 -0.26234661008697D+04  0.41283996005071D+04
   3   4   3   4   2   4 -0.26234661014501D+04 -0.13952676980619D+05
   1   4   1   1   3   4  0.44349696691270D+03  0.85472336600265D+01
   2   4   1   1   3   4  0.00000000000000D+00  0.00000000000000D+00
   3   4   1   1   3   4  0.00000000000000D+00  0.00000000000000D+00
   1   4   2   1   3   4  0.00000000000000D+00  0.00000000000000D+00
   2   4   2   1   3   4  0.44349696691270D+03  0.85472336600265D+01
   3   4   2   1   3   4  0.00000000000000D+00  0.00000000000000D+00
   1   4   3   1   3   4  0.44349696691270D+03  0.85472336600265D+01
   2   4   3   1   3   4  0.44349696691270D+03  0.85472336600265D+01
   3   4   3   1   3   4 -0.88699394189562D+03 -0.37692872666187D-12
   1   4   1   2   3   4 -0.48263299365312D+03 -0.78617568552313D+01
   2   4   1   2   3   4  0.00000000000000D+00  0.00000000000000D+00
   3   4   1   2   3   4  0.00000000000000D+00  0.00000000000000D+00
   1   4   2   2   3   4  0.00000000000000D+00  0.00000000000000D+00
   2   4   2   2   3   4 -0.48263299365312D+03 -0.78617568552313D+01
   3   4   2   2   3   4  0.00000000000000D+00  0.00000000000000D+00
   1   4   3   2   3   4 -0.48263299365312D+03 -0.78617568552313D+01
   2   4   3   2   3   4 -0.48263299365312D+03 -0.78617568552313D+01
   3   4   3   2   3   4  0.96526599488785D+03 -0.11737486665413D-12
   1   1   1   4   3   4  0.14282047184299D+03 -0.31885822476287D+02
   2   1   1   4   3   4  0.00000000000000D+00  0.00000000000000D+00
   3   1   1   4   3   4  0.14282048248306D+03  0.65409642382295D+01
   1   2   1   4   3   4 -0.12481603626659D+03  0.71079709922327D+02
   2   2   1   4   3   4  0.00000000000000D+00  0.00000000000000D+00
   3   2   1   4   3   4 -0.12481603628914D+03 -0.51063256581150D+02
   1   4   1   4   3   4 -0.26234661014501D+04 -0.13952676980619D+05
   2   4   1   4   3   4  0.26234661003424D+04  0.15049948118194D+05
   3   4   1   4   3   4 -0.26234661008697D+04  0.41283996005071D+04
   1   1   2   4   3   4  0.00000000000000D+00  0.00000000000000D+00
   2   1   2   4   3   4  0.14282047184299D+03 -0.31885822476287D+02
   3   1   2   4   3   4  0.14282048248306D+03  0.65409642382295D+01
   1   2   2   4   3   4  0.00000000000000D+00  0.00000000000000D+00
   2   2   2   4   3   4 -0.12481603626659D+03  0.71079709922327D+02
   3   2   2   4   3   4 -0.12481603628914D+03 -0.51063256581150D+02
   1   4   2   4   3   4  0.26234660983007D+04  0.46918403294770D+04
   2   4   2   4   3   4 -0.26234661029114D+04 -0.62297081882104D+04
   3   4   2   4   3   4 -0.26234661010055D+04 -0.22239255294517D+05
   1   1   3   4   3   4  0.00000000000000D+00  0.00000000000000D+00
   2   1   3   4   3   4  0.00000000000000D+00  0.00000000000000D+00
   3   1   3   4   3   4 -0.28564097868394D+03  0.78760701170127D+02
   1   2   3   4   3   4  0.00000000000000D+00  0.00000000000000D+00
   2   2   3   4   3   4  0.00000000000000D+00  0.00000000000000D+00
   3   2   3   4   3   4  0.24963206772595D+03 -0.33488252907873D+03
   1   4   3   4   3   4 -0.26234661029114D+04 -0.62297081882104D+04
   2   4   3   4   3   4 -0.26234661014501D+04 -0.13952676980619D+05
   3   4   3   4   3   4  0.78703983027449D+04  0.13982456093503D+05
