# 
# Partial phonon density of states for q along a band structure path
# 
# Energy in Ha      , DOS in states/Ha
# Gaussian method with smearing =     0.2278167626E-04Ha      , nq =       1
# 
# omega     PHDOS 
#
   0.00000000E+00   5.25346260E+04
   4.55633525E-06   5.14943707E+04
   9.11267051E-06   4.84955720E+04
   1.36690058E-05   4.38806081E+04
   1.82253410E-05   3.81479681E+04
   2.27816763E-05   3.18638613E+04
   2.73380115E-05   2.55713477E+04
   3.18943468E-05   1.97168282E+04
   3.64506820E-05   1.46065856E+04
   4.10070173E-05   1.03965341E+04
   4.55633525E-05   7.10978848E+03
   5.01196878E-05   4.67146391E+03
   5.46760230E-05   2.94901877E+03
   5.92323583E-05   1.78867030E+03
   6.37886935E-05   1.04234449E+03
   6.83450288E-05   5.83606978E+02
   7.29013640E-05   3.13948128E+02
   7.74576993E-05   1.62264509E+02
   8.20140345E-05   8.05781703E+01
   8.65703698E-05   3.84449664E+01
   9.11267051E-05   1.76234037E+01
   9.56830403E-05   7.76190484E+00
   1.00239376E-04   3.28454382E+00
   1.04795711E-04   1.33539586E+00
   1.09352046E-04   5.21642795E-01
   1.13908381E-04   1.95778330E-01
   1.18464717E-04   7.05966754E-02
   1.23021052E-04   2.44586284E-02
   1.27577387E-04   8.14157013E-03
   1.32133722E-04   2.60382900E-03
   1.36690058E-04   8.00101289E-04
   1.41246393E-04   2.36214037E-04
   1.45802728E-04   6.70030628E-05
   1.50359063E-04   1.82604648E-05
   1.54915399E-04   4.78142362E-06
   1.59471734E-04   1.20290364E-06
   1.64028069E-04   2.90758670E-07
   1.68584404E-04   6.75247104E-08
   1.73140740E-04   1.50667994E-08
   1.77697075E-04   3.23003706E-09
   1.82253410E-04   6.65307200E-10
   1.86809745E-04   1.31663429E-10
   1.91366081E-04   2.50343502E-11
   1.95922416E-04   4.57336331E-12
   2.00478751E-04   8.02718561E-13
   2.05035086E-04   1.35368971E-13
   2.09591422E-04   2.19332592E-14
   2.14147757E-04   3.41440815E-15
   2.18704092E-04   5.10688312E-16
   2.23260427E-04   7.33879275E-17
   2.27816763E-04   1.01326152E-17
   2.32373098E-04   1.34414678E-18
   2.36929433E-04   1.71316843E-19
   2.41485768E-04   2.09788487E-20
   2.46042104E-04   2.46826315E-21
   2.50598439E-04   2.79016245E-22
   2.55154774E-04   3.03037057E-23
   2.59711109E-04   3.16220638E-24
   2.64267445E-04   3.17039155E-25
   2.68823780E-04   3.05396330E-26
   2.73380115E-04   2.82646067E-27
   2.77936450E-04   2.51333455E-28
   2.82492786E-04   2.14726614E-29
   2.87049121E-04   1.76258338E-30
   2.91605456E-04   1.39008606E-31
   2.96161791E-04   1.05332386E-32
   3.00718127E-04   7.66849928E-34
   3.05274462E-04   5.36397888E-35
   3.09830797E-04   3.60488951E-36
   3.14387132E-04   2.32768966E-37
   3.18943468E-04   1.44406392E-38
   3.23499803E-04   8.60747914E-40
   3.28056138E-04   4.92939659E-41
   3.32612473E-04   2.71231274E-42
   3.37168809E-04   1.43388389E-43
   3.41725144E-04   7.28310264E-45
   3.46281479E-04   3.55424282E-46
   3.50837814E-04   1.66650254E-47
   3.55394150E-04   7.50746103E-49
   3.59950485E-04   3.24943918E-50
   3.64506820E-04   1.35130057E-51
   3.69063155E-04   5.39912931E-53
   3.73619491E-04   2.07263925E-54
   3.78175826E-04   7.64455004E-56
   3.82732161E-04   2.70899597E-57
   3.87288496E-04   9.22344175E-59
   3.91844832E-04   3.01721238E-60
   3.96401167E-04   9.48302671E-62
   4.00957502E-04   2.86362594E-63
   4.05513837E-04   8.30833187E-65
   4.10070173E-04   2.31611932E-66
   4.14626508E-04   6.65822976E-68
   4.19182843E-04   1.76542284E-67
   4.23739179E-04   6.45798109E-66
   4.28295514E-04   2.29040415E-64
   4.32851849E-04   7.80473833E-63
   4.37408184E-04   2.55524645E-61
   4.41964520E-04   8.03776792E-60
   4.46520855E-04   2.42921722E-58
   4.51077190E-04   7.05383765E-57
   4.55633525E-04   1.96794425E-55
   4.60189861E-04   5.27507138E-54
   4.64746196E-04   1.35853901E-52
   4.69302531E-04   3.36158506E-51
   4.73858866E-04   7.99179467E-50
   4.78415202E-04   1.82546181E-48
   4.82971537E-04   4.00617029E-47
   4.87527872E-04   8.44722925E-46
   4.92084207E-04   1.71130483E-44
   4.96640543E-04   3.33095444E-43
   5.01196878E-04   6.22928542E-42
   5.05753213E-04   1.11927290E-40
   5.10309548E-04   1.93224400E-39
   5.14865884E-04   3.20491242E-38
   5.19422219E-04   5.10738488E-37
   5.23978554E-04   7.82004456E-36
   5.28534889E-04   1.15039792E-34
   5.33091225E-04   1.62597990E-33
   5.37647560E-04   2.20805799E-32
   5.42203895E-04   2.88093857E-31
   5.46760230E-04   3.61148440E-30
   5.51316566E-04   4.34976414E-29
   5.55872901E-04   5.03354429E-28
   5.60429236E-04   5.59642001E-27
   5.64985571E-04   5.97826178E-26
   5.69541907E-04   6.13575170E-25
   5.74098242E-04   6.05046628E-24
   5.78654577E-04   5.73242174E-23
   5.83210912E-04   5.21813902E-22
   5.87767248E-04   4.56374506E-21
   5.92323583E-04   3.83491134E-20
   5.96879918E-04   3.09611797E-19
   6.01436253E-04   2.40163992E-18
   6.05992589E-04   1.78989068E-17
   6.10548924E-04   1.28166151E-16
   6.15105259E-04   8.81755947E-16
   6.19661594E-04   5.82843119E-15
   6.24217930E-04   3.70154617E-14
   6.28774265E-04   2.25861854E-13
   6.33330600E-04   1.32413061E-12
   6.37886935E-04   7.45842257E-12
   6.42443271E-04   4.03637367E-11
   6.46999606E-04   2.09876574E-10
   6.51555941E-04   1.04849119E-09
   6.56112276E-04   5.03261640E-09
   6.60668612E-04   2.32087148E-08
   6.65224947E-04   1.02833963E-07
   6.69781282E-04   4.37774316E-07
   6.74337617E-04   1.79057371E-06
   6.78893953E-04   7.03659165E-06
   6.83450288E-04   2.65681133E-05
   6.88006623E-04   9.63800843E-05
   6.92562958E-04   3.35924833E-04
   6.97119294E-04   1.12492907E-03
   7.01675629E-04   3.61939838E-03
   7.06231964E-04   1.11886028E-02
   7.10788299E-04   3.32310105E-02
   7.15344635E-04   9.48286262E-02
   7.19900970E-04   2.59994159E-01
   7.24457305E-04   6.84882302E-01
   7.29013640E-04   1.73339092E+00
   7.33569976E-04   4.21507505E+00
   7.38126311E-04   9.84787044E+00
   7.42682646E-04   2.21058675E+01
   7.47238981E-04   4.76761325E+01
   7.51795317E-04   9.87922088E+01
   7.56351652E-04   1.96685613E+02
   7.60907987E-04   3.76227652E+02
   7.65464322E-04   6.91444061E+02
   7.70020658E-04   1.22093238E+03
   7.74576993E-04   2.07135431E+03
   7.79133328E-04   3.37633393E+03
   7.83689663E-04   5.28767331E+03
   7.88245999E-04   7.95631663E+03
   7.92802334E-04   1.15023803E+04
   7.97358669E-04   1.59768665E+04
   8.01915004E-04   2.13217924E+04
   8.06471340E-04   2.73390889E+04
   8.11027675E-04   3.36800388E+04
   8.15584010E-04   3.98647781E+04
   8.20140345E-04   4.53350750E+04
   8.24696681E-04   4.95344730E+04
   8.29253016E-04   5.20006745E+04
   8.33809351E-04   5.24491708E+04
