 Fermi (or HOMO) energy (hartree) =   0.07744   Average Vxc (hartree)=  -0.31365
 Eigenvalues (hartree) for nkpt=  60  k points:
 kpt#   1, nband= 10, wtk=  0.01172, kpt= -0.0625 -0.1250  0.0000 (reduced coord)
  -0.45742   -0.45697   -0.45696   -0.45380   -0.45373   -0.31533    0.01438    0.06621
   0.06819    0.12144
 kpt#   2, nband= 10, wtk=  0.01172, kpt= -0.0625 -0.2500  0.0000 (reduced coord)
  -0.45802   -0.45673   -0.45667   -0.45383   -0.45370   -0.30196   -0.04787    0.05106
   0.05341    0.12329
 kpt#   3, nband= 10, wtk=  0.01172, kpt= -0.1250 -0.1875  0.0000 (reduced coord)
  -0.45788   -0.45675   -0.45673   -0.45389   -0.45367   -0.30840   -0.01630    0.05009
   0.05032    0.14462
 kpt#   4, nband= 10, wtk=  0.02344, kpt= -0.0625 -0.1875  0.0625 (reduced coord)
  -0.45794   -0.45677   -0.45668   -0.45386   -0.45369   -0.30512   -0.03232    0.03842
   0.06090    0.13813
 kpt#   5, nband= 10, wtk=  0.01172, kpt= -0.0625 -0.3750  0.0000 (reduced coord)
  -0.45866   -0.45648   -0.45642   -0.45379   -0.45367   -0.28244   -0.10215    0.03829
   0.04101    0.11406
 kpt#   6, nband= 10, wtk=  0.01172, kpt= -0.1250 -0.3125  0.0000 (reduced coord)
  -0.45848   -0.45651   -0.45643   -0.45393   -0.45363   -0.29252   -0.07059    0.03105
   0.03680    0.14146
 kpt#   7, nband= 10, wtk=  0.02344, kpt= -0.0625 -0.3125  0.0625 (reduced coord)
  -0.45857   -0.45651   -0.45641   -0.45386   -0.45366   -0.28707   -0.08691    0.02112
   0.04668    0.13245
 kpt#   8, nband= 10, wtk=  0.01172, kpt= -0.1875 -0.2500  0.0000 (reduced coord)
  -0.45845   -0.45645   -0.45643   -0.45401   -0.45360   -0.29836   -0.04684    0.03211
   0.03370    0.14452
 kpt#   9, nband= 10, wtk=  0.02344, kpt= -0.1250 -0.2500  0.0625 (reduced coord)
  -0.45846   -0.45650   -0.45642   -0.45397   -0.45362   -0.29535   -0.05837    0.02144
   0.04188    0.15276
 kpt#  10, nband= 10, wtk=  0.02344, kpt= -0.0625 -0.2500  0.1250 (reduced coord)
  -0.45853   -0.45651   -0.45639   -0.45390   -0.45366   -0.28953   -0.07482    0.00587
   0.05003    0.15043
 kpt#  11, nband= 10, wtk=  0.01172, kpt= -0.0625  0.5000  0.0000 (reduced coord)
  -0.45899   -0.45636   -0.45633   -0.45371   -0.45367   -0.26851   -0.13057    0.02946
   0.03911    0.10910
 kpt#  12, nband= 10, wtk=  0.01172, kpt= -0.1250 -0.4375  0.0000 (reduced coord)
  -0.45897   -0.45634   -0.45624   -0.45386   -0.45362   -0.27325   -0.11567    0.01411
   0.03152    0.13343
 kpt#  13, nband= 10, wtk=  0.02344, kpt= -0.0625 -0.4375  0.0625 (reduced coord)
  -0.45900   -0.45633   -0.45627   -0.45377   -0.45366   -0.26939   -0.12497    0.01342
   0.03676    0.12644
 kpt#  14, nband= 10, wtk=  0.01172, kpt= -0.1875 -0.3750  0.0000 (reduced coord)
  -0.45898   -0.45624   -0.45615   -0.45404   -0.45356   -0.28079   -0.09213    0.00884
   0.02384    0.14680
 kpt#  15, nband= 10, wtk=  0.02344, kpt= -0.1250 -0.3750  0.0625 (reduced coord)
  -0.45897   -0.45630   -0.45618   -0.45395   -0.45361   -0.27641   -0.10420    0.00312
   0.03015    0.14767
 kpt#  16, nband= 10, wtk=  0.02344, kpt= -0.0625 -0.3750  0.1250 (reduced coord)
  -0.45902   -0.45629   -0.45619   -0.45384   -0.45368   -0.27060   -0.11578   -0.00704
   0.03534    0.14627
 kpt#  17, nband= 10, wtk=  0.01172, kpt= -0.2500 -0.3125  0.0000 (reduced coord)
  -0.45904   -0.45612   -0.45610   -0.45416   -0.45353   -0.28570   -0.07627    0.01618
   0.01924    0.13506
 kpt#  18, nband= 10, wtk=  0.02344, kpt= -0.1875 -0.3125  0.0625 (reduced coord)
  -0.45900   -0.45619   -0.45612   -0.45410   -0.45355   -0.28312   -0.08367    0.00639
   0.02375    0.14992
 kpt#  19, nband= 10, wtk=  0.02344, kpt= -0.1250 -0.3125  0.1250 (reduced coord)
  -0.45898   -0.45627   -0.45614   -0.45400   -0.45361   -0.27819   -0.09524   -0.00784
   0.03044    0.16448
 kpt#  20, nband= 10, wtk=  0.02344, kpt= -0.0625 -0.3125  0.1875 (reduced coord)
  -0.45904   -0.45626   -0.45614   -0.45389   -0.45370   -0.27142   -0.10774   -0.02135
   0.03450    0.15826
 kpt#  21, nband= 10, wtk=  0.01172, kpt= -0.0625  0.3750  0.0000 (reduced coord)
  -0.45881   -0.45642   -0.45639   -0.45374   -0.45368   -0.27623   -0.11554    0.02915
   0.04558    0.11088
 kpt#  22, nband= 10, wtk=  0.01172, kpt= -0.1250  0.4375  0.0000 (reduced coord)
  -0.45909   -0.45628   -0.45624   -0.45375   -0.45369   -0.26575   -0.12982    0.00527
   0.03545    0.13043
 kpt#  23, nband= 10, wtk=  0.01172, kpt= -0.1875  0.5000  0.0000 (reduced coord)
  -0.45925   -0.45617   -0.45604   -0.45394   -0.45361   -0.26388   -0.12537   -0.00977
   0.02344    0.14354
 kpt#  24, nband= 10, wtk=  0.02344, kpt= -0.1250  0.5000  0.0625 (reduced coord)
  -0.45920   -0.45623   -0.45610   -0.45384   -0.45366   -0.26308   -0.12957   -0.00663
   0.02732    0.14420
 kpt#  25, nband= 10, wtk=  0.01172, kpt= -0.2500 -0.4375  0.0000 (reduced coord)
  -0.45942   -0.45598   -0.45588   -0.45416   -0.45352   -0.26781   -0.11187   -0.00971
   0.01337    0.14165
 kpt#  26, nband= 10, wtk=  0.02344, kpt= -0.1875 -0.4375  0.0625 (reduced coord)
  -0.45933   -0.45610   -0.45594   -0.45404   -0.45357   -0.26499   -0.11889   -0.01439
   0.01673    0.15094
 kpt#  27, nband= 10, wtk=  0.02344, kpt= -0.1250 -0.4375  0.1250 (reduced coord)
  -0.45929   -0.45618   -0.45596   -0.45393   -0.45365   -0.26158   -0.12553   -0.01996
   0.01946    0.16187
 kpt#  28, nband= 10, wtk=  0.02344, kpt= -0.0625 -0.4375  0.1875 (reduced coord)
  -0.45934   -0.45614   -0.45595   -0.45391   -0.45368   -0.25838   -0.12981   -0.02550
   0.02097    0.15296
 kpt#  29, nband= 10, wtk=  0.01172, kpt= -0.3125 -0.3750  0.0000 (reduced coord)
  -0.45957   -0.45581   -0.45579   -0.45430   -0.45346   -0.27138   -0.10342    0.00363
   0.00777    0.12826
 kpt#  30, nband= 10, wtk=  0.02344, kpt= -0.2500 -0.3750  0.0625 (reduced coord)
  -0.45949   -0.45592   -0.45582   -0.45423   -0.45349   -0.26940   -0.10725   -0.00569
   0.00913    0.14323
 kpt#  31, nband= 10, wtk=  0.02344, kpt= -0.1875 -0.3750  0.1250 (reduced coord)
  -0.45939   -0.45607   -0.45585   -0.45411   -0.45356   -0.26574   -0.11379   -0.01810
   0.01158    0.16673
 kpt#  32, nband= 10, wtk=  0.02344, kpt= -0.1250 -0.3750  0.1875 (reduced coord)
  -0.45934   -0.45614   -0.45587   -0.45399   -0.45366   -0.26099   -0.12131   -0.02950
   0.01527    0.17433
 kpt#  33, nband= 10, wtk=  0.02344, kpt= -0.0625 -0.3750  0.2500 (reduced coord)
  -0.45942   -0.45607   -0.45585   -0.45395   -0.45370   -0.25594   -0.12820   -0.03728
   0.01778    0.15446
 kpt#  34, nband= 10, wtk=  0.01172, kpt= -0.0625  0.2500  0.0000 (reduced coord)
  -0.45823   -0.45666   -0.45658   -0.45380   -0.45371   -0.29581   -0.06766    0.03793
   0.05865    0.11835
 kpt#  35, nband= 10, wtk=  0.01172, kpt= -0.1250  0.3125  0.0000 (reduced coord)
  -0.45876   -0.45641   -0.45635   -0.45380   -0.45370   -0.27950   -0.10262    0.00701
   0.04743    0.13349
 kpt#  36, nband= 10, wtk=  0.01172, kpt= -0.1875  0.3750  0.0000 (reduced coord)
  -0.45916   -0.45620   -0.45614   -0.45380   -0.45374   -0.26423   -0.12463   -0.01725
   0.03249    0.14513
 kpt#  37, nband= 10, wtk=  0.01172, kpt= -0.2500  0.4375  0.0000 (reduced coord)
  -0.45947   -0.45602   -0.45587   -0.45402   -0.45362   -0.25602   -0.13109   -0.02893
   0.01763    0.14363
 kpt#  38, nband= 10, wtk=  0.01172, kpt= -0.3125  0.5000  0.0000 (reduced coord)
  -0.45976   -0.45577   -0.45567   -0.45426   -0.45349   -0.25557   -0.12839   -0.02285
   0.00609    0.13579
 kpt#  39, nband= 10, wtk=  0.02344, kpt= -0.2500  0.5000  0.0625 (reduced coord)
  -0.45961   -0.45594   -0.45573   -0.45413   -0.45357   -0.25468   -0.13024   -0.02849
   0.00787    0.14757
 kpt#  40, nband= 10, wtk=  0.02344, kpt= -0.1875  0.5000  0.1250 (reduced coord)
  -0.45950   -0.45608   -0.45576   -0.45401   -0.45365   -0.25404   -0.13163   -0.03076
   0.00675    0.16945
 kpt#  41, nband= 10, wtk=  0.01172, kpt= -0.3750 -0.4375  0.0000 (reduced coord)
  -0.45996   -0.45557   -0.45555   -0.45442   -0.45341   -0.25735   -0.12616   -0.00497
  -0.00014    0.12532
 kpt#  42, nband= 10, wtk=  0.02344, kpt= -0.3125 -0.4375  0.0625 (reduced coord)
  -0.45985   -0.45570   -0.45558   -0.45433   -0.45345   -0.25618   -0.12715   -0.01418
  -0.00088    0.13873
 kpt#  43, nband= 10, wtk=  0.02344, kpt= -0.2500 -0.4375  0.1250 (reduced coord)
  -0.45970   -0.45590   -0.45562   -0.45420   -0.45354   -0.25414   -0.12908   -0.02446
  -0.00312    0.16336
 kpt#  44, nband= 10, wtk=  0.02344, kpt= -0.1875 -0.4375  0.1875 (reduced coord)
  -0.45959   -0.45603   -0.45564   -0.45407   -0.45363   -0.25179   -0.13167   -0.03291
  -0.00296    0.18835
 kpt#  45, nband= 10, wtk=  0.02344, kpt= -0.1250 -0.4375  0.2500 (reduced coord)
  -0.45961   -0.45601   -0.45564   -0.45406   -0.45365   -0.24970   -0.13440   -0.03734
   0.00013    0.16994
 kpt#  46, nband= 10, wtk=  0.02344, kpt= -0.0625 -0.4375  0.3125 (reduced coord)
  -0.45976   -0.45584   -0.45561   -0.45418   -0.45357   -0.24826   -0.13678   -0.03633
   0.00349    0.14480
 kpt#  47, nband= 10, wtk=  0.01172, kpt= -0.0625  0.1250  0.0000 (reduced coord)
  -0.45756   -0.45695   -0.45686   -0.45379   -0.45373   -0.31188   -0.00665    0.05518
   0.07309    0.12187
 kpt#  48, nband= 10, wtk=  0.01172, kpt= -0.1250  0.1875  0.0000 (reduced coord)
  -0.45815   -0.45671   -0.45656   -0.45384   -0.45370   -0.29872   -0.05337    0.02202
   0.06328    0.13762
 kpt#  49, nband= 10, wtk=  0.01172, kpt= -0.1875  0.2500  0.0000 (reduced coord)
  -0.45874   -0.45640   -0.45632   -0.45385   -0.45371   -0.28132   -0.09191   -0.00916
   0.04828    0.14916
 kpt#  50, nband= 10, wtk=  0.01172, kpt= -0.2500  0.3125  0.0000 (reduced coord)
  -0.45921   -0.45614   -0.45607   -0.45383   -0.45377   -0.26363   -0.11912   -0.03164
   0.03085    0.15026
 kpt#  51, nband= 10, wtk=  0.01172, kpt= -0.3125  0.3750  0.0000 (reduced coord)
  -0.45959   -0.45593   -0.45577   -0.45406   -0.45364   -0.25147   -0.13346   -0.03984
   0.01460    0.14182
 kpt#  52, nband= 10, wtk=  0.01172, kpt= -0.3750  0.4375  0.0000 (reduced coord)
  -0.45993   -0.45566   -0.45555   -0.45431   -0.45348   -0.24750   -0.13854   -0.02962
   0.00236    0.13245
 kpt#  53, nband= 10, wtk=  0.01172, kpt= -0.4375  0.5000  0.0000 (reduced coord)
  -0.46017   -0.45544   -0.45543   -0.45449   -0.45338   -0.24765   -0.14027   -0.00933
  -0.00416    0.12599
 kpt#  54, nband= 10, wtk=  0.02344, kpt= -0.3750  0.5000  0.0625 (reduced coord)
  -0.46005   -0.45558   -0.45546   -0.45439   -0.45344   -0.24723   -0.13948   -0.01857
  -0.00592    0.13681
 kpt#  55, nband= 10, wtk=  0.02344, kpt= -0.3125  0.5000  0.1250 (reduced coord)
  -0.45986   -0.45580   -0.45549   -0.45425   -0.45353   -0.24662   -0.13834   -0.02713
  -0.01144    0.16105
 kpt#  56, nband= 10, wtk=  0.02344, kpt= -0.2500  0.5000  0.1875 (reduced coord)
  -0.45972   -0.45597   -0.45552   -0.45412   -0.45363   -0.24618   -0.13750   -0.03200
  -0.01566    0.19189
 kpt#  57, nband= 10, wtk=  0.00391, kpt= -0.0625  0.0000  0.0000 (reduced coord)
  -0.45718   -0.45708   -0.45708   -0.45375   -0.45375   -0.31885    0.04190    0.07744
   0.07744    0.09914
 kpt#  58, nband= 10, wtk=  0.00391, kpt= -0.1875  0.0000  0.0000 (reduced coord)
  -0.45769   -0.45685   -0.45685   -0.45376   -0.45376   -0.30852   -0.02506    0.06440
   0.06440    0.11253
 kpt#  59, nband= 10, wtk=  0.00391, kpt= -0.3125  0.0000  0.0000 (reduced coord)
  -0.45840   -0.45657   -0.45657   -0.45374   -0.45374   -0.29023   -0.08556    0.05063
   0.05063    0.10345
 kpt#  60, nband= 10, wtk=  0.00391, kpt= -0.4375  0.0000  0.0000 (reduced coord)
  -0.45889   -0.45640   -0.45640   -0.45369   -0.45369   -0.27226   -0.12560    0.04270
   0.04270    0.09672
