 Fermi (or HOMO) energy (hartree) =   0.07586   Average Vxc (hartree)=  -0.31366
 Eigenvalues (hartree) for nkpt=  28  k points:
 kpt#   1, nband= 10, wtk=  0.02778, kpt= -0.0833 -0.1667  0.0000 (reduced coord)
  -0.45764   -0.45687   -0.45684   -0.45383   -0.45370   -0.31160   -0.00537    0.05843
   0.06031    0.13214
 kpt#   2, nband= 10, wtk=  0.02778, kpt= -0.0833 -0.3333  0.0000 (reduced coord)
  -0.45848   -0.45654   -0.45646   -0.45384   -0.45366   -0.28943   -0.08341    0.03790
   0.04103    0.12508
 kpt#   3, nband= 10, wtk=  0.02778, kpt= -0.1667 -0.2500  0.0000 (reduced coord)
  -0.45835   -0.45651   -0.45648   -0.45398   -0.45361   -0.29962   -0.04456    0.03458
   0.03666    0.14791
 kpt#   4, nband= 10, wtk=  0.05556, kpt= -0.0833 -0.2500  0.0833 (reduced coord)
  -0.45840   -0.45656   -0.45645   -0.45391   -0.45364   -0.29426   -0.06390    0.01818
   0.04939    0.14776
 kpt#   5, nband= 10, wtk=  0.02778, kpt= -0.0833  0.5000  0.0000 (reduced coord)
  -0.45901   -0.45634   -0.45630   -0.45373   -0.45366   -0.26803   -0.12984    0.02261
   0.03725    0.11660
 kpt#   6, nband= 10, wtk=  0.02778, kpt= -0.1667 -0.4167  0.0000 (reduced coord)
  -0.45902   -0.45626   -0.45615   -0.45397   -0.45358   -0.27516   -0.10660    0.00590
   0.02572    0.14391
 kpt#   7, nband= 10, wtk=  0.05556, kpt= -0.0833 -0.4167  0.0833 (reduced coord)
  -0.45904   -0.45630   -0.45619   -0.45383   -0.45365   -0.26942   -0.12067    0.00157
   0.03316    0.14002
 kpt#   8, nband= 10, wtk=  0.02778, kpt= -0.2500 -0.3333  0.0000 (reduced coord)
  -0.45912   -0.45607   -0.45605   -0.45417   -0.45352   -0.28289   -0.08241    0.01218
   0.01760    0.13674
 kpt#   9, nband= 10, wtk=  0.05556, kpt= -0.1667 -0.3333  0.0833 (reduced coord)
  -0.45906   -0.45619   -0.45608   -0.45406   -0.45356   -0.27856   -0.09373   -0.00186
   0.02404    0.15657
 kpt#  10, nband= 10, wtk=  0.05556, kpt= -0.0833 -0.3333  0.1667 (reduced coord)
  -0.45907   -0.45625   -0.45610   -0.45391   -0.45367   -0.27074   -0.10916   -0.01950
   0.03119    0.16136
 kpt#  11, nband= 10, wtk=  0.02778, kpt= -0.0833  0.3333  0.0000 (reduced coord)
  -0.45871   -0.45645   -0.45640   -0.45377   -0.45368   -0.28057   -0.10459    0.02276
   0.04843    0.11944
 kpt#  12, nband= 10, wtk=  0.02778, kpt= -0.1667  0.4167  0.0000 (reduced coord)
  -0.45917   -0.45621   -0.45614   -0.45380   -0.45369   -0.26331   -0.12892   -0.00977
   0.03154    0.14107
 kpt#  13, nband= 10, wtk=  0.02778, kpt= -0.2500  0.5000  0.0000 (reduced coord)
  -0.45949   -0.45598   -0.45585   -0.45410   -0.45355   -0.26002   -0.12490   -0.02090
   0.01426    0.14214
 kpt#  14, nband= 10, wtk=  0.05556, kpt= -0.1667  0.5000  0.0833 (reduced coord)
  -0.45935   -0.45614   -0.45592   -0.45394   -0.45364   -0.25886   -0.12959   -0.02139
   0.01775    0.15591
 kpt#  15, nband= 10, wtk=  0.02778, kpt= -0.3333 -0.4167  0.0000 (reduced coord)
  -0.45976   -0.45569   -0.45567   -0.45434   -0.45343   -0.26380   -0.11600   -0.00368
   0.00396    0.12890
 kpt#  16, nband= 10, wtk=  0.05556, kpt= -0.2500 -0.4167  0.0833 (reduced coord)
  -0.45961   -0.45589   -0.45571   -0.45421   -0.45350   -0.26114   -0.12005   -0.01667
   0.00443    0.14986
 kpt#  17, nband= 10, wtk=  0.05556, kpt= -0.1667 -0.4167  0.1667 (reduced coord)
  -0.45947   -0.45608   -0.45575   -0.45404   -0.45363   -0.25679   -0.12640   -0.02978
   0.00597    0.18012
 kpt#  18, nband= 10, wtk=  0.05556, kpt= -0.0833 -0.4167  0.2500 (reduced coord)
  -0.45953   -0.45602   -0.45574   -0.45402   -0.45366   -0.25237   -0.13229   -0.03756
   0.00999    0.15717
 kpt#  19, nband= 10, wtk=  0.02778, kpt= -0.0833  0.1667  0.0000 (reduced coord)
  -0.45785   -0.45683   -0.45671   -0.45381   -0.45371   -0.30566   -0.03272    0.04088
   0.06824    0.12784
 kpt#  20, nband= 10, wtk=  0.02778, kpt= -0.1667  0.2500  0.0000 (reduced coord)
  -0.45865   -0.45645   -0.45635   -0.45384   -0.45370   -0.28415   -0.08753   -0.00255
   0.05093    0.14591
 kpt#  21, nband= 10, wtk=  0.02778, kpt= -0.2500  0.3333  0.0000 (reduced coord)
  -0.45926   -0.45611   -0.45602   -0.45386   -0.45375   -0.26115   -0.12293   -0.03267
   0.02818    0.14906
 kpt#  22, nband= 10, wtk=  0.02778, kpt= -0.3333  0.4167  0.0000 (reduced coord)
  -0.45975   -0.45581   -0.45566   -0.45418   -0.45355   -0.24927   -0.13603   -0.03612
   0.00820    0.13719
 kpt#  23, nband= 10, wtk=  0.02778, kpt= -0.4167  0.5000  0.0000 (reduced coord)
  -0.46012   -0.45548   -0.45545   -0.45446   -0.45339   -0.24859   -0.13863   -0.01182
  -0.00311    0.12699
 kpt#  24, nband= 10, wtk=  0.05556, kpt= -0.3333  0.5000  0.0833 (reduced coord)
  -0.45992   -0.45570   -0.45550   -0.45431   -0.45348   -0.24787   -0.13767   -0.02470
  -0.00573    0.14514
 kpt#  25, nband= 10, wtk=  0.05556, kpt= -0.2500  0.5000  0.1667 (reduced coord)
  -0.45971   -0.45596   -0.45554   -0.45412   -0.45361   -0.24713   -0.13670   -0.03275
  -0.01174    0.18305
 kpt#  26, nband= 10, wtk=  0.00926, kpt= -0.0833  0.0000  0.0000 (reduced coord)
  -0.45723   -0.45705   -0.45705   -0.45375   -0.45375   -0.31781    0.03095    0.07586
   0.07586    0.10478
 kpt#  27, nband= 10, wtk=  0.00926, kpt= -0.2500  0.0000  0.0000 (reduced coord)
  -0.45805   -0.45670   -0.45670   -0.45375   -0.45375   -0.30005   -0.05689    0.05706
   0.05706    0.10844
 kpt#  28, nband= 10, wtk=  0.00926, kpt= -0.4167  0.0000  0.0000 (reduced coord)
  -0.45884   -0.45641   -0.45641   -0.45369   -0.45369   -0.27450   -0.12116    0.04352
   0.04352    0.09744
