
 **** DERIVATIVE DATABASE ****    
+DDB, Version number    100401

 InSb phonons on 4 4 4 mesh

    usepaw         0
     natom         2
      nkpt       256
    nsppol         1
      nsym        24
    ntypat         2
    occopt         1
     nband         4
     acell  0.11992657950000D+02  0.11992657950000D+02  0.11992657950000D+02
       amu  0.11482000000000D+03  0.12175300000000D+03
   dilatmx  0.10000000000000D+01
      ecut  0.25000000000000D+02
    ecutsm  0.00000000000000D+00
     intxc         0
      iscf         7
       ixc         1
       kpt -0.12500000000000D+00 -0.25000000000000D+00  0.00000000000000D+00
           -0.25000000000000D+00 -0.12500000000000D+00  0.00000000000000D+00
           -0.12500000000000D+00 -0.12500000000000D+00  0.12500000000000D+00
           -0.12500000000000D+00  0.50000000000000D+00  0.00000000000000D+00
           -0.25000000000000D+00 -0.37500000000000D+00  0.00000000000000D+00
           -0.12500000000000D+00 -0.37500000000000D+00  0.12500000000000D+00
           -0.37500000000000D+00 -0.25000000000000D+00  0.00000000000000D+00
           -0.25000000000000D+00 -0.25000000000000D+00  0.12500000000000D+00
           -0.12500000000000D+00 -0.25000000000000D+00  0.25000000000000D+00
            0.50000000000000D+00 -0.12500000000000D+00  0.00000000000000D+00
           -0.37500000000000D+00 -0.12500000000000D+00  0.12500000000000D+00
           -0.25000000000000D+00 -0.12500000000000D+00  0.25000000000000D+00
           -0.12500000000000D+00 -0.12500000000000D+00  0.37500000000000D+00
           -0.12500000000000D+00  0.25000000000000D+00  0.00000000000000D+00
           -0.25000000000000D+00  0.37500000000000D+00  0.00000000000000D+00
           -0.12500000000000D+00  0.37500000000000D+00  0.12500000000000D+00
           -0.37500000000000D+00  0.50000000000000D+00  0.00000000000000D+00
           -0.25000000000000D+00  0.50000000000000D+00  0.12500000000000D+00
           -0.12500000000000D+00  0.50000000000000D+00  0.25000000000000D+00
            0.50000000000000D+00 -0.37500000000000D+00  0.00000000000000D+00
           -0.37500000000000D+00 -0.37500000000000D+00  0.12500000000000D+00
           -0.25000000000000D+00 -0.37500000000000D+00  0.25000000000000D+00
           -0.12500000000000D+00 -0.37500000000000D+00  0.37500000000000D+00
            0.37500000000000D+00 -0.25000000000000D+00  0.00000000000000D+00
            0.50000000000000D+00 -0.25000000000000D+00  0.12500000000000D+00
           -0.37500000000000D+00 -0.25000000000000D+00  0.25000000000000D+00
           -0.25000000000000D+00 -0.25000000000000D+00  0.37500000000000D+00
           -0.12500000000000D+00 -0.25000000000000D+00  0.50000000000000D+00
            0.25000000000000D+00 -0.12500000000000D+00  0.00000000000000D+00
            0.37500000000000D+00 -0.12500000000000D+00  0.12500000000000D+00
            0.50000000000000D+00 -0.12500000000000D+00  0.25000000000000D+00
           -0.37500000000000D+00 -0.12500000000000D+00  0.37500000000000D+00
           -0.25000000000000D+00 -0.12500000000000D+00  0.50000000000000D+00
           -0.12500000000000D+00 -0.12500000000000D+00 -0.37500000000000D+00
           -0.12500000000000D+00  0.00000000000000D+00  0.00000000000000D+00
           -0.25000000000000D+00  0.12500000000000D+00  0.00000000000000D+00
           -0.12500000000000D+00  0.12500000000000D+00  0.12500000000000D+00
           -0.37500000000000D+00  0.25000000000000D+00  0.00000000000000D+00
           -0.25000000000000D+00  0.25000000000000D+00  0.12500000000000D+00
           -0.12500000000000D+00  0.25000000000000D+00  0.25000000000000D+00
            0.50000000000000D+00  0.37500000000000D+00  0.00000000000000D+00
           -0.37500000000000D+00  0.37500000000000D+00  0.12500000000000D+00
           -0.25000000000000D+00  0.37500000000000D+00  0.25000000000000D+00
           -0.12500000000000D+00  0.37500000000000D+00  0.37500000000000D+00
            0.37500000000000D+00  0.50000000000000D+00  0.00000000000000D+00
            0.50000000000000D+00  0.50000000000000D+00  0.12500000000000D+00
           -0.37500000000000D+00  0.50000000000000D+00  0.25000000000000D+00
           -0.25000000000000D+00  0.50000000000000D+00  0.37500000000000D+00
           -0.12500000000000D+00  0.50000000000000D+00  0.50000000000000D+00
            0.25000000000000D+00 -0.37500000000000D+00  0.00000000000000D+00
            0.37500000000000D+00 -0.37500000000000D+00  0.12500000000000D+00
            0.50000000000000D+00 -0.37500000000000D+00  0.25000000000000D+00
           -0.37500000000000D+00 -0.37500000000000D+00  0.37500000000000D+00
           -0.25000000000000D+00 -0.37500000000000D+00  0.50000000000000D+00
           -0.12500000000000D+00 -0.37500000000000D+00 -0.37500000000000D+00
            0.12500000000000D+00 -0.25000000000000D+00  0.00000000000000D+00
            0.25000000000000D+00 -0.25000000000000D+00  0.12500000000000D+00
            0.37500000000000D+00 -0.25000000000000D+00  0.25000000000000D+00
            0.50000000000000D+00 -0.25000000000000D+00  0.37500000000000D+00
           -0.37500000000000D+00 -0.25000000000000D+00  0.50000000000000D+00
           -0.25000000000000D+00 -0.25000000000000D+00 -0.37500000000000D+00
           -0.12500000000000D+00 -0.25000000000000D+00 -0.25000000000000D+00
            0.00000000000000D+00 -0.12500000000000D+00  0.00000000000000D+00
            0.12500000000000D+00 -0.12500000000000D+00  0.12500000000000D+00
            0.25000000000000D+00 -0.12500000000000D+00  0.25000000000000D+00
            0.37500000000000D+00 -0.12500000000000D+00  0.37500000000000D+00
            0.50000000000000D+00 -0.12500000000000D+00  0.50000000000000D+00
           -0.37500000000000D+00 -0.12500000000000D+00 -0.37500000000000D+00
           -0.25000000000000D+00 -0.12500000000000D+00 -0.25000000000000D+00
           -0.12500000000000D+00 -0.12500000000000D+00 -0.12500000000000D+00
           -0.37500000000000D+00  0.00000000000000D+00  0.00000000000000D+00
           -0.25000000000000D+00  0.00000000000000D+00  0.12500000000000D+00
           -0.12500000000000D+00  0.00000000000000D+00  0.25000000000000D+00
            0.50000000000000D+00  0.12500000000000D+00  0.00000000000000D+00
           -0.37500000000000D+00  0.12500000000000D+00  0.12500000000000D+00
           -0.25000000000000D+00  0.12500000000000D+00  0.25000000000000D+00
           -0.12500000000000D+00  0.12500000000000D+00  0.37500000000000D+00
            0.37500000000000D+00  0.25000000000000D+00  0.00000000000000D+00
            0.50000000000000D+00  0.25000000000000D+00  0.12500000000000D+00
           -0.37500000000000D+00  0.25000000000000D+00  0.25000000000000D+00
           -0.25000000000000D+00  0.25000000000000D+00  0.37500000000000D+00
           -0.12500000000000D+00  0.25000000000000D+00  0.50000000000000D+00
            0.25000000000000D+00  0.37500000000000D+00  0.00000000000000D+00
            0.37500000000000D+00  0.37500000000000D+00  0.12500000000000D+00
            0.50000000000000D+00  0.37500000000000D+00  0.25000000000000D+00
           -0.37500000000000D+00  0.37500000000000D+00  0.37500000000000D+00
           -0.25000000000000D+00  0.37500000000000D+00  0.50000000000000D+00
           -0.12500000000000D+00  0.37500000000000D+00 -0.37500000000000D+00
            0.12500000000000D+00  0.50000000000000D+00  0.00000000000000D+00
            0.25000000000000D+00  0.50000000000000D+00  0.12500000000000D+00
            0.37500000000000D+00  0.50000000000000D+00  0.25000000000000D+00
            0.50000000000000D+00  0.50000000000000D+00  0.37500000000000D+00
           -0.37500000000000D+00  0.50000000000000D+00  0.50000000000000D+00
           -0.25000000000000D+00  0.50000000000000D+00 -0.37500000000000D+00
           -0.12500000000000D+00  0.50000000000000D+00 -0.25000000000000D+00
            0.00000000000000D+00 -0.37500000000000D+00  0.00000000000000D+00
            0.12500000000000D+00 -0.37500000000000D+00  0.12500000000000D+00
            0.25000000000000D+00 -0.37500000000000D+00  0.25000000000000D+00
            0.37500000000000D+00 -0.37500000000000D+00  0.37500000000000D+00
            0.50000000000000D+00 -0.37500000000000D+00  0.50000000000000D+00
           -0.37500000000000D+00 -0.37500000000000D+00 -0.37500000000000D+00
           -0.25000000000000D+00 -0.37500000000000D+00 -0.25000000000000D+00
           -0.12500000000000D+00 -0.37500000000000D+00 -0.12500000000000D+00
            0.00000000000000D+00 -0.25000000000000D+00  0.12500000000000D+00
            0.12500000000000D+00 -0.25000000000000D+00  0.25000000000000D+00
            0.25000000000000D+00 -0.25000000000000D+00  0.37500000000000D+00
            0.37500000000000D+00 -0.25000000000000D+00  0.50000000000000D+00
            0.50000000000000D+00 -0.25000000000000D+00 -0.37500000000000D+00
           -0.37500000000000D+00 -0.25000000000000D+00 -0.25000000000000D+00
           -0.25000000000000D+00 -0.25000000000000D+00 -0.12500000000000D+00
            0.00000000000000D+00 -0.12500000000000D+00  0.25000000000000D+00
            0.12500000000000D+00 -0.12500000000000D+00  0.37500000000000D+00
            0.25000000000000D+00 -0.12500000000000D+00  0.50000000000000D+00
            0.37500000000000D+00 -0.12500000000000D+00 -0.37500000000000D+00
            0.50000000000000D+00 -0.12500000000000D+00 -0.25000000000000D+00
           -0.37500000000000D+00 -0.12500000000000D+00 -0.12500000000000D+00
            0.37500000000000D+00  0.00000000000000D+00  0.00000000000000D+00
            0.50000000000000D+00  0.00000000000000D+00  0.12500000000000D+00
           -0.37500000000000D+00  0.00000000000000D+00  0.25000000000000D+00
           -0.25000000000000D+00  0.00000000000000D+00  0.37500000000000D+00
           -0.12500000000000D+00  0.00000000000000D+00  0.50000000000000D+00
            0.25000000000000D+00  0.12500000000000D+00  0.00000000000000D+00
            0.37500000000000D+00  0.12500000000000D+00  0.12500000000000D+00
            0.50000000000000D+00  0.12500000000000D+00  0.25000000000000D+00
           -0.37500000000000D+00  0.12500000000000D+00  0.37500000000000D+00
           -0.25000000000000D+00  0.12500000000000D+00  0.50000000000000D+00
           -0.12500000000000D+00  0.12500000000000D+00 -0.37500000000000D+00
            0.12500000000000D+00  0.25000000000000D+00  0.00000000000000D+00
            0.25000000000000D+00  0.25000000000000D+00  0.12500000000000D+00
            0.37500000000000D+00  0.25000000000000D+00  0.25000000000000D+00
            0.50000000000000D+00  0.25000000000000D+00  0.37500000000000D+00
           -0.37500000000000D+00  0.25000000000000D+00  0.50000000000000D+00
           -0.25000000000000D+00  0.25000000000000D+00 -0.37500000000000D+00
           -0.12500000000000D+00  0.25000000000000D+00 -0.25000000000000D+00
            0.00000000000000D+00  0.37500000000000D+00  0.00000000000000D+00
            0.12500000000000D+00  0.37500000000000D+00  0.12500000000000D+00
            0.25000000000000D+00  0.37500000000000D+00  0.25000000000000D+00
            0.37500000000000D+00  0.37500000000000D+00  0.37500000000000D+00
            0.50000000000000D+00  0.37500000000000D+00  0.50000000000000D+00
           -0.37500000000000D+00  0.37500000000000D+00 -0.37500000000000D+00
           -0.25000000000000D+00  0.37500000000000D+00 -0.25000000000000D+00
           -0.12500000000000D+00  0.37500000000000D+00 -0.12500000000000D+00
            0.00000000000000D+00  0.50000000000000D+00  0.12500000000000D+00
            0.12500000000000D+00  0.50000000000000D+00  0.25000000000000D+00
            0.25000000000000D+00  0.50000000000000D+00  0.37500000000000D+00
            0.37500000000000D+00  0.50000000000000D+00  0.50000000000000D+00
            0.50000000000000D+00  0.50000000000000D+00 -0.37500000000000D+00
           -0.37500000000000D+00  0.50000000000000D+00 -0.25000000000000D+00
           -0.25000000000000D+00  0.50000000000000D+00 -0.12500000000000D+00
            0.00000000000000D+00 -0.37500000000000D+00  0.25000000000000D+00
            0.12500000000000D+00 -0.37500000000000D+00  0.37500000000000D+00
            0.25000000000000D+00 -0.37500000000000D+00  0.50000000000000D+00
            0.37500000000000D+00 -0.37500000000000D+00 -0.37500000000000D+00
            0.50000000000000D+00 -0.37500000000000D+00 -0.25000000000000D+00
           -0.37500000000000D+00 -0.37500000000000D+00 -0.12500000000000D+00
            0.00000000000000D+00 -0.25000000000000D+00  0.37500000000000D+00
            0.12500000000000D+00 -0.25000000000000D+00  0.50000000000000D+00
            0.25000000000000D+00 -0.25000000000000D+00 -0.37500000000000D+00
            0.37500000000000D+00 -0.25000000000000D+00 -0.25000000000000D+00
            0.50000000000000D+00 -0.25000000000000D+00 -0.12500000000000D+00
            0.00000000000000D+00 -0.12500000000000D+00  0.50000000000000D+00
            0.12500000000000D+00 -0.12500000000000D+00 -0.37500000000000D+00
            0.25000000000000D+00 -0.12500000000000D+00 -0.25000000000000D+00
            0.37500000000000D+00 -0.12500000000000D+00 -0.12500000000000D+00
            0.12500000000000D+00  0.00000000000000D+00  0.00000000000000D+00
            0.25000000000000D+00  0.00000000000000D+00  0.12500000000000D+00
            0.37500000000000D+00  0.00000000000000D+00  0.25000000000000D+00
            0.50000000000000D+00  0.00000000000000D+00  0.37500000000000D+00
           -0.37500000000000D+00  0.00000000000000D+00  0.50000000000000D+00
           -0.25000000000000D+00  0.00000000000000D+00 -0.37500000000000D+00
           -0.12500000000000D+00  0.00000000000000D+00 -0.25000000000000D+00
            0.00000000000000D+00  0.12500000000000D+00  0.00000000000000D+00
            0.12500000000000D+00  0.12500000000000D+00  0.12500000000000D+00
            0.25000000000000D+00  0.12500000000000D+00  0.25000000000000D+00
            0.37500000000000D+00  0.12500000000000D+00  0.37500000000000D+00
            0.50000000000000D+00  0.12500000000000D+00  0.50000000000000D+00
           -0.37500000000000D+00  0.12500000000000D+00 -0.37500000000000D+00
           -0.25000000000000D+00  0.12500000000000D+00 -0.25000000000000D+00
           -0.12500000000000D+00  0.12500000000000D+00 -0.12500000000000D+00
            0.00000000000000D+00  0.25000000000000D+00  0.12500000000000D+00
            0.12500000000000D+00  0.25000000000000D+00  0.25000000000000D+00
            0.25000000000000D+00  0.25000000000000D+00  0.37500000000000D+00
            0.37500000000000D+00  0.25000000000000D+00  0.50000000000000D+00
            0.50000000000000D+00  0.25000000000000D+00 -0.37500000000000D+00
           -0.37500000000000D+00  0.25000000000000D+00 -0.25000000000000D+00
           -0.25000000000000D+00  0.25000000000000D+00 -0.12500000000000D+00
            0.00000000000000D+00  0.37500000000000D+00  0.25000000000000D+00
            0.12500000000000D+00  0.37500000000000D+00  0.37500000000000D+00
            0.25000000000000D+00  0.37500000000000D+00  0.50000000000000D+00
            0.37500000000000D+00  0.37500000000000D+00 -0.37500000000000D+00
            0.50000000000000D+00  0.37500000000000D+00 -0.25000000000000D+00
           -0.37500000000000D+00  0.37500000000000D+00 -0.12500000000000D+00
            0.00000000000000D+00  0.50000000000000D+00  0.37500000000000D+00
            0.12500000000000D+00  0.50000000000000D+00  0.50000000000000D+00
            0.25000000000000D+00  0.50000000000000D+00 -0.37500000000000D+00
            0.37500000000000D+00  0.50000000000000D+00 -0.25000000000000D+00
            0.50000000000000D+00  0.50000000000000D+00 -0.12500000000000D+00
            0.00000000000000D+00 -0.37500000000000D+00  0.50000000000000D+00
            0.12500000000000D+00 -0.37500000000000D+00 -0.37500000000000D+00
            0.25000000000000D+00 -0.37500000000000D+00 -0.25000000000000D+00
            0.37500000000000D+00 -0.37500000000000D+00 -0.12500000000000D+00
            0.00000000000000D+00 -0.25000000000000D+00 -0.37500000000000D+00
            0.12500000000000D+00 -0.25000000000000D+00 -0.25000000000000D+00
            0.25000000000000D+00 -0.25000000000000D+00 -0.12500000000000D+00
            0.00000000000000D+00 -0.12500000000000D+00 -0.25000000000000D+00
            0.12500000000000D+00 -0.12500000000000D+00 -0.12500000000000D+00
            0.00000000000000D+00  0.00000000000000D+00  0.12500000000000D+00
            0.12500000000000D+00  0.00000000000000D+00  0.25000000000000D+00
            0.25000000000000D+00  0.00000000000000D+00  0.37500000000000D+00
            0.37500000000000D+00  0.00000000000000D+00  0.50000000000000D+00
            0.50000000000000D+00  0.00000000000000D+00 -0.37500000000000D+00
           -0.37500000000000D+00  0.00000000000000D+00 -0.25000000000000D+00
           -0.25000000000000D+00  0.00000000000000D+00 -0.12500000000000D+00
            0.00000000000000D+00  0.12500000000000D+00  0.25000000000000D+00
            0.12500000000000D+00  0.12500000000000D+00  0.37500000000000D+00
            0.25000000000000D+00  0.12500000000000D+00  0.50000000000000D+00
            0.37500000000000D+00  0.12500000000000D+00 -0.37500000000000D+00
            0.50000000000000D+00  0.12500000000000D+00 -0.25000000000000D+00
           -0.37500000000000D+00  0.12500000000000D+00 -0.12500000000000D+00
            0.00000000000000D+00  0.25000000000000D+00  0.37500000000000D+00
            0.12500000000000D+00  0.25000000000000D+00  0.50000000000000D+00
            0.25000000000000D+00  0.25000000000000D+00 -0.37500000000000D+00
            0.37500000000000D+00  0.25000000000000D+00 -0.25000000000000D+00
            0.50000000000000D+00  0.25000000000000D+00 -0.12500000000000D+00
            0.00000000000000D+00  0.37500000000000D+00  0.50000000000000D+00
            0.12500000000000D+00  0.37500000000000D+00 -0.37500000000000D+00
            0.25000000000000D+00  0.37500000000000D+00 -0.25000000000000D+00
            0.37500000000000D+00  0.37500000000000D+00 -0.12500000000000D+00
            0.00000000000000D+00  0.50000000000000D+00 -0.37500000000000D+00
            0.12500000000000D+00  0.50000000000000D+00 -0.25000000000000D+00
            0.25000000000000D+00  0.50000000000000D+00 -0.12500000000000D+00
            0.00000000000000D+00 -0.37500000000000D+00 -0.25000000000000D+00
            0.12500000000000D+00 -0.37500000000000D+00 -0.12500000000000D+00
            0.00000000000000D+00 -0.25000000000000D+00 -0.12500000000000D+00
            0.00000000000000D+00  0.00000000000000D+00  0.37500000000000D+00
            0.12500000000000D+00  0.00000000000000D+00  0.50000000000000D+00
            0.25000000000000D+00  0.00000000000000D+00 -0.37500000000000D+00
            0.37500000000000D+00  0.00000000000000D+00 -0.25000000000000D+00
            0.50000000000000D+00  0.00000000000000D+00 -0.12500000000000D+00
            0.00000000000000D+00  0.12500000000000D+00  0.50000000000000D+00
            0.12500000000000D+00  0.12500000000000D+00 -0.37500000000000D+00
            0.25000000000000D+00  0.12500000000000D+00 -0.25000000000000D+00
            0.37500000000000D+00  0.12500000000000D+00 -0.12500000000000D+00
            0.00000000000000D+00  0.25000000000000D+00 -0.37500000000000D+00
            0.12500000000000D+00  0.25000000000000D+00 -0.25000000000000D+00
            0.25000000000000D+00  0.25000000000000D+00 -0.12500000000000D+00
            0.00000000000000D+00  0.37500000000000D+00 -0.25000000000000D+00
            0.12500000000000D+00  0.37500000000000D+00 -0.12500000000000D+00
            0.00000000000000D+00  0.50000000000000D+00 -0.12500000000000D+00
            0.00000000000000D+00  0.00000000000000D+00 -0.37500000000000D+00
            0.12500000000000D+00  0.00000000000000D+00 -0.25000000000000D+00
            0.25000000000000D+00  0.00000000000000D+00 -0.12500000000000D+00
            0.00000000000000D+00  0.12500000000000D+00 -0.25000000000000D+00
            0.12500000000000D+00  0.12500000000000D+00 -0.12500000000000D+00
            0.00000000000000D+00  0.25000000000000D+00 -0.12500000000000D+00
            0.00000000000000D+00  0.00000000000000D+00 -0.12500000000000D+00
    kptnrm  0.10000000000000D+01
     ngfft        40   40   40
    nspden         1
   nspinor         1
       occ  0.20000000000000D+01  0.20000000000000D+01  0.20000000000000D+01
            0.20000000000000D+01
     rprim  0.00000000000000D+00  0.50000000000000D+00  0.50000000000000D+00
            0.50000000000000D+00  0.00000000000000D+00  0.50000000000000D+00
            0.50000000000000D+00  0.50000000000000D+00  0.00000000000000D+00
  dfpt_sciss  0.00000000000000D+00
    spinat  0.00000000000000D+00  0.00000000000000D+00  0.00000000000000D+00
            0.00000000000000D+00  0.00000000000000D+00  0.00000000000000D+00
    symafm         1    1    1    1    1    1    1    1    1    1    1    1
                   1    1    1    1    1    1    1    1    1    1    1    1
    symrel         1    0    0    0    1    0    0    0    1
                   0   -1    1    0   -1    0    1   -1    0
                  -1    0    0   -1    0    1   -1    1    0
                   0    1   -1    1    0   -1    0    0   -1
                  -1    0    0   -1    1    0   -1    0    1
                   0   -1    1    1   -1    0    0   -1    0
                   1    0    0    0    0    1    0    1    0
                   0    1   -1    0    0   -1    1    0   -1
                  -1    0    1   -1    1    0   -1    0    0
                   0   -1    0    1   -1    0    0   -1    1
                   1    0   -1    0    0   -1    0    1   -1
                   0    1    0    0    0    1    1    0    0
                   1    0   -1    0    1   -1    0    0   -1
                   0   -1    0    0   -1    1    1   -1    0
                  -1    0    1   -1    0    0   -1    1    0
                   0    1    0    1    0    0    0    0    1
                   0    0   -1    0    1   -1    1    0   -1
                   1   -1    0    0   -1    1    0   -1    0
                   0    0    1    1    0    0    0    1    0
                  -1    1    0   -1    0    0   -1    0    1
                   0    0    1    0    1    0    1    0    0
                   1   -1    0    0   -1    0    0   -1    1
                   0    0   -1    1    0   -1    0    1   -1
                  -1    1    0   -1    0    1   -1    0    0
     tnons  0.00000000000000D+00  0.00000000000000D+00  0.00000000000000D+00
            0.00000000000000D+00  0.00000000000000D+00  0.00000000000000D+00
            0.00000000000000D+00  0.00000000000000D+00  0.00000000000000D+00
            0.00000000000000D+00  0.00000000000000D+00  0.00000000000000D+00
            0.00000000000000D+00  0.00000000000000D+00  0.00000000000000D+00
            0.00000000000000D+00  0.00000000000000D+00  0.00000000000000D+00
            0.00000000000000D+00  0.00000000000000D+00  0.00000000000000D+00
            0.00000000000000D+00  0.00000000000000D+00  0.00000000000000D+00
            0.00000000000000D+00  0.00000000000000D+00  0.00000000000000D+00
            0.00000000000000D+00  0.00000000000000D+00  0.00000000000000D+00
            0.00000000000000D+00  0.00000000000000D+00  0.00000000000000D+00
            0.00000000000000D+00  0.00000000000000D+00  0.00000000000000D+00
            0.00000000000000D+00  0.00000000000000D+00  0.00000000000000D+00
            0.00000000000000D+00  0.00000000000000D+00  0.00000000000000D+00
            0.00000000000000D+00  0.00000000000000D+00  0.00000000000000D+00
            0.00000000000000D+00  0.00000000000000D+00  0.00000000000000D+00
            0.00000000000000D+00  0.00000000000000D+00  0.00000000000000D+00
            0.00000000000000D+00  0.00000000000000D+00  0.00000000000000D+00
            0.00000000000000D+00  0.00000000000000D+00  0.00000000000000D+00
            0.00000000000000D+00  0.00000000000000D+00  0.00000000000000D+00
            0.00000000000000D+00  0.00000000000000D+00  0.00000000000000D+00
            0.00000000000000D+00  0.00000000000000D+00  0.00000000000000D+00
            0.00000000000000D+00  0.00000000000000D+00  0.00000000000000D+00
            0.00000000000000D+00  0.00000000000000D+00  0.00000000000000D+00
    tolwfr  0.10000000000000D+01
   tphysel  0.00000000000000D+00
    tsmear  0.10000000000000D-01
     typat         1    2
       wtk  0.39062500000000D-02  0.39062500000000D-02  0.39062500000000D-02
            0.39062500000000D-02  0.39062500000000D-02  0.39062500000000D-02
            0.39062500000000D-02  0.39062500000000D-02  0.39062500000000D-02
            0.39062500000000D-02  0.39062500000000D-02  0.39062500000000D-02
            0.39062500000000D-02  0.39062500000000D-02  0.39062500000000D-02
            0.39062500000000D-02  0.39062500000000D-02  0.39062500000000D-02
            0.39062500000000D-02  0.39062500000000D-02  0.39062500000000D-02
            0.39062500000000D-02  0.39062500000000D-02  0.39062500000000D-02
            0.39062500000000D-02  0.39062500000000D-02  0.39062500000000D-02
            0.39062500000000D-02  0.39062500000000D-02  0.39062500000000D-02
            0.39062500000000D-02  0.39062500000000D-02  0.39062500000000D-02
            0.39062500000000D-02  0.39062500000000D-02  0.39062500000000D-02
            0.39062500000000D-02  0.39062500000000D-02  0.39062500000000D-02
            0.39062500000000D-02  0.39062500000000D-02  0.39062500000000D-02
            0.39062500000000D-02  0.39062500000000D-02  0.39062500000000D-02
            0.39062500000000D-02  0.39062500000000D-02  0.39062500000000D-02
            0.39062500000000D-02  0.39062500000000D-02  0.39062500000000D-02
            0.39062500000000D-02  0.39062500000000D-02  0.39062500000000D-02
            0.39062500000000D-02  0.39062500000000D-02  0.39062500000000D-02
            0.39062500000000D-02  0.39062500000000D-02  0.39062500000000D-02
            0.39062500000000D-02  0.39062500000000D-02  0.39062500000000D-02
            0.39062500000000D-02  0.39062500000000D-02  0.39062500000000D-02
            0.39062500000000D-02  0.39062500000000D-02  0.39062500000000D-02
            0.39062500000000D-02  0.39062500000000D-02  0.39062500000000D-02
            0.39062500000000D-02  0.39062500000000D-02  0.39062500000000D-02
            0.39062500000000D-02  0.39062500000000D-02  0.39062500000000D-02
            0.39062500000000D-02  0.39062500000000D-02  0.39062500000000D-02
            0.39062500000000D-02  0.39062500000000D-02  0.39062500000000D-02
            0.39062500000000D-02  0.39062500000000D-02  0.39062500000000D-02
            0.39062500000000D-02  0.39062500000000D-02  0.39062500000000D-02
            0.39062500000000D-02  0.39062500000000D-02  0.39062500000000D-02
            0.39062500000000D-02  0.39062500000000D-02  0.39062500000000D-02
            0.39062500000000D-02  0.39062500000000D-02  0.39062500000000D-02
            0.39062500000000D-02  0.39062500000000D-02  0.39062500000000D-02
            0.39062500000000D-02  0.39062500000000D-02  0.39062500000000D-02
            0.39062500000000D-02  0.39062500000000D-02  0.39062500000000D-02
            0.39062500000000D-02  0.39062500000000D-02  0.39062500000000D-02
            0.39062500000000D-02  0.39062500000000D-02  0.39062500000000D-02
            0.39062500000000D-02  0.39062500000000D-02  0.39062500000000D-02
            0.39062500000000D-02  0.39062500000000D-02  0.39062500000000D-02
            0.39062500000000D-02  0.39062500000000D-02  0.39062500000000D-02
            0.39062500000000D-02  0.39062500000000D-02  0.39062500000000D-02
            0.39062500000000D-02  0.39062500000000D-02  0.39062500000000D-02
            0.39062500000000D-02  0.39062500000000D-02  0.39062500000000D-02
            0.39062500000000D-02  0.39062500000000D-02  0.39062500000000D-02
            0.39062500000000D-02  0.39062500000000D-02  0.39062500000000D-02
            0.39062500000000D-02  0.39062500000000D-02  0.39062500000000D-02
            0.39062500000000D-02  0.39062500000000D-02  0.39062500000000D-02
            0.39062500000000D-02  0.39062500000000D-02  0.39062500000000D-02
            0.39062500000000D-02  0.39062500000000D-02  0.39062500000000D-02
            0.39062500000000D-02  0.39062500000000D-02  0.39062500000000D-02
            0.39062500000000D-02  0.39062500000000D-02  0.39062500000000D-02
            0.39062500000000D-02  0.39062500000000D-02  0.39062500000000D-02
            0.39062500000000D-02  0.39062500000000D-02  0.39062500000000D-02
            0.39062500000000D-02  0.39062500000000D-02  0.39062500000000D-02
            0.39062500000000D-02  0.39062500000000D-02  0.39062500000000D-02
            0.39062500000000D-02  0.39062500000000D-02  0.39062500000000D-02
            0.39062500000000D-02  0.39062500000000D-02  0.39062500000000D-02
            0.39062500000000D-02  0.39062500000000D-02  0.39062500000000D-02
            0.39062500000000D-02  0.39062500000000D-02  0.39062500000000D-02
            0.39062500000000D-02  0.39062500000000D-02  0.39062500000000D-02
            0.39062500000000D-02  0.39062500000000D-02  0.39062500000000D-02
            0.39062500000000D-02  0.39062500000000D-02  0.39062500000000D-02
            0.39062500000000D-02  0.39062500000000D-02  0.39062500000000D-02
            0.39062500000000D-02  0.39062500000000D-02  0.39062500000000D-02
            0.39062500000000D-02  0.39062500000000D-02  0.39062500000000D-02
            0.39062500000000D-02  0.39062500000000D-02  0.39062500000000D-02
            0.39062500000000D-02  0.39062500000000D-02  0.39062500000000D-02
            0.39062500000000D-02  0.39062500000000D-02  0.39062500000000D-02
            0.39062500000000D-02  0.39062500000000D-02  0.39062500000000D-02
            0.39062500000000D-02  0.39062500000000D-02  0.39062500000000D-02
            0.39062500000000D-02  0.39062500000000D-02  0.39062500000000D-02
            0.39062500000000D-02  0.39062500000000D-02  0.39062500000000D-02
            0.39062500000000D-02  0.39062500000000D-02  0.39062500000000D-02
            0.39062500000000D-02  0.39062500000000D-02  0.39062500000000D-02
            0.39062500000000D-02  0.39062500000000D-02  0.39062500000000D-02
            0.39062500000000D-02  0.39062500000000D-02  0.39062500000000D-02
            0.39062500000000D-02  0.39062500000000D-02  0.39062500000000D-02
            0.39062500000000D-02  0.39062500000000D-02  0.39062500000000D-02
            0.39062500000000D-02  0.39062500000000D-02  0.39062500000000D-02
            0.39062500000000D-02  0.39062500000000D-02  0.39062500000000D-02
            0.39062500000000D-02  0.39062500000000D-02  0.39062500000000D-02
            0.39062500000000D-02  0.39062500000000D-02  0.39062500000000D-02
            0.39062500000000D-02  0.39062500000000D-02  0.39062500000000D-02
            0.39062500000000D-02  0.39062500000000D-02  0.39062500000000D-02
            0.39062500000000D-02
      xred  0.00000000000000D+00  0.00000000000000D+00  0.00000000000000D+00
            0.25000000000000D+00  0.25000000000000D+00  0.25000000000000D+00
     znucl  0.49000000000000D+02  0.51000000000000D+02
      zion  0.30000000000000D+01  0.50000000000000D+01
 
  Description of the potentials (KB energies)
  vrsio8 (for pseudopotentials)=100401
  usepaw =  0
  dimekb =  9       lmnmax=  9
  Atom type=    1   pspso=  0   nekb=   6
  iln lpsang iproj  ekb(:)
     1     0     1    -8.7282196E-01  0.0000000E+00  0.0000000E+00  0.0000000E+00
                       0.0000000E+00  0.0000000E+00
     2     0     2     0.0000000E+00 -2.4892500E-01  0.0000000E+00  0.0000000E+00
                       0.0000000E+00  0.0000000E+00
     3     0     3     0.0000000E+00  0.0000000E+00  2.0635928E+00  0.0000000E+00
                       0.0000000E+00  0.0000000E+00
     4     1     1     0.0000000E+00  0.0000000E+00  0.0000000E+00 -1.3507978E+00
                       0.0000000E+00  0.0000000E+00
     5     1     2     0.0000000E+00  0.0000000E+00  0.0000000E+00  0.0000000E+00
                       1.7258150E+00  0.0000000E+00
     6     2     1     0.0000000E+00  0.0000000E+00  0.0000000E+00  0.0000000E+00
                       1.7258150E+00  0.0000000E+00
  Atom type=    2   pspso=  0   nekb=   6
  iln lpsang iproj  ekb(:)
     1     0     1    -7.7842367E-01  0.0000000E+00  0.0000000E+00  0.0000000E+00
                       0.0000000E+00  0.0000000E+00
     2     0     2     0.0000000E+00  2.0034050E-01  0.0000000E+00  0.0000000E+00
                       0.0000000E+00  0.0000000E+00
     3     0     3     0.0000000E+00  0.0000000E+00  1.4881277E+00  0.0000000E+00
                       0.0000000E+00  0.0000000E+00
     4     1     1     0.0000000E+00  0.0000000E+00  0.0000000E+00 -4.7972705E-01
                       0.0000000E+00  0.0000000E+00
     5     1     2     0.0000000E+00  0.0000000E+00  0.0000000E+00  0.0000000E+00
                       9.6944461E-01  0.0000000E+00
     6     2     1     0.0000000E+00  0.0000000E+00  0.0000000E+00  0.0000000E+00
                       9.6944461E-01  0.0000000E+00
 
 **** Database of total energy derivatives ****
 Number of data blocks=    8
  
 2nd derivatives (non-stat.)  - # elements :      81
 qpt  0.00000000E+00  0.00000000E+00  0.00000000E+00   1.0
   1   1   1   1  0.53825447352390D+01  0.00000000000000D+00
   2   1   1   1  0.26912723676195D+01  0.00000000000000D+00
   3   1   1   1  0.26912723676195D+01  0.00000000000000D+00
   1   2   1   1 -0.53825378962928D+01  0.55718739654733D-17
   2   2   1   1 -0.26912689481464D+01  0.18154419592217D-16
   3   2   1   1 -0.26912689481464D+01  0.11808488135868D-16
   1   4   1   1 -0.59711378392100D+01  0.00000000000000D+00
   2   4   1   1  0.38910598072644D-16  0.00000000000000D+00
   3   4   1   1  0.13852345937987D-16  0.00000000000000D+00
   1   1   2   1  0.26912723676195D+01  0.00000000000000D+00
   2   1   2   1  0.53825447352389D+01  0.00000000000000D+00
   3   1   2   1  0.26912723676195D+01  0.00000000000000D+00
   1   2   2   1 -0.26912689481464D+01  0.18154419592217D-16
   2   2   2   1 -0.53825378962928D+01 -0.64996109187297D-17
   3   2   2   1 -0.26912689481464D+01 -0.18491995276101D-16
   1   4   2   1 -0.37007434154172D-16  0.00000000000000D+00
   2   4   2   1 -0.59711378392100D+01  0.00000000000000D+00
   3   4   2   1  0.41607921553616D-16  0.00000000000000D+00
   1   1   3   1  0.26912723676195D+01  0.00000000000000D+00
   2   1   3   1  0.26912723676195D+01  0.00000000000000D+00
   3   1   3   1  0.53825447352390D+01  0.00000000000000D+00
   1   2   3   1 -0.26912689481464D+01  0.11808488135868D-16
   2   2   3   1 -0.26912689481464D+01 -0.18491995276101D-16
   3   2   3   1 -0.53825378962928D+01 -0.52691285760126D-17
   1   4   3   1  0.00000000000000D+00  0.00000000000000D+00
   2   4   3   1 -0.11104138717361D-16  0.00000000000000D+00
   3   4   3   1 -0.59711378392100D+01  0.00000000000000D+00
   1   1   1   2 -0.53825378544793D+01 -0.55718739654733D-17
   2   1   1   2 -0.26912689272397D+01 -0.18154419592217D-16
   3   1   1   2 -0.26912689272397D+01 -0.11808488135868D-16
   1   2   1   2  0.53825373507214D+01  0.00000000000000D+00
   2   2   1   2  0.26912686753607D+01  0.00000000000000D+00
   3   2   1   2  0.26912686753607D+01  0.00000000000000D+00
   1   4   1   2 -0.45634327371188D+02  0.00000000000000D+00
   2   4   1   2 -0.17211552434182D-15  0.00000000000000D+00
   3   4   1   2  0.12152823739577D-15  0.00000000000000D+00
   1   1   2   2 -0.26912689272397D+01 -0.18154419592217D-16
   2   1   2   2 -0.53825378544793D+01  0.64996109187297D-17
   3   1   2   2 -0.26912689272397D+01  0.18491995276101D-16
   1   2   2   2  0.26912686753606D+01  0.00000000000000D+00
   2   2   2   2  0.53825373507214D+01  0.00000000000000D+00
   3   2   2   2  0.26912686753607D+01  0.00000000000000D+00
   1   4   2   2  0.29605947323338D-15  0.00000000000000D+00
   2   4   2   2 -0.45634327371188D+02  0.00000000000000D+00
   3   4   2   2  0.21404682278120D-15  0.00000000000000D+00
   1   1   3   2 -0.26912689272397D+01 -0.11808488135868D-16
   2   1   3   2 -0.26912689272397D+01  0.18491995276101D-16
   3   1   3   2 -0.53825378544793D+01  0.52691285760126D-17
   1   2   3   2  0.26912686753607D+01  0.00000000000000D+00
   2   2   3   2  0.26912686753607D+01  0.00000000000000D+00
   3   2   3   2  0.53825373507213D+01  0.00000000000000D+00
   1   4   3   2  0.00000000000000D+00  0.00000000000000D+00
   2   4   3   2  0.40081352012797D-16  0.00000000000000D+00
   3   4   3   2 -0.45634327371188D+02  0.00000000000000D+00
   1   1   1   4 -0.59711372359872D+01  0.00000000000000D+00
   2   1   1   4  0.37007434154172D-16  0.00000000000000D+00
   3   1   1   4  0.00000000000000D+00  0.00000000000000D+00
   1   2   1   4 -0.45634328433094D+02  0.00000000000000D+00
   2   2   1   4  0.00000000000000D+00  0.00000000000000D+00
   3   2   1   4  0.29605947323338D-15  0.00000000000000D+00
   1   4   1   4 -0.45958565529144D+03  0.00000000000000D+00
   2   4   1   4  0.15319521843048D+03  0.00000000000000D+00
   3   4   1   4  0.15319521843048D+03  0.00000000000000D+00
   1   1   2   4  0.17658673774932D-16  0.00000000000000D+00
   2   1   2   4 -0.59711372359872D+01  0.00000000000000D+00
   3   1   2   4 -0.11104143128991D-16  0.00000000000000D+00
   1   2   2   4  0.73356661945508D-16  0.00000000000000D+00
   2   2   2   4 -0.45634328433094D+02  0.00000000000000D+00
   3   2   2   4  0.40081352012797D-16  0.00000000000000D+00
   1   4   2   4  0.15319521843048D+03  0.00000000000000D+00
   2   4   2   4 -0.45958565529144D+03  0.00000000000000D+00
   3   4   2   4  0.15319521843048D+03  0.00000000000000D+00
   1   1   3   4  0.14748255333276D-16  0.00000000000000D+00
   2   1   3   4  0.21251915474453D-16  0.00000000000000D+00
   3   1   3   4 -0.59711372359872D+01  0.00000000000000D+00
   1   2   3   4 -0.28740350237323D-15  0.00000000000000D+00
   2   2   3   4  0.50587278122790D-16  0.00000000000000D+00
   3   2   3   4 -0.45634328433094D+02  0.00000000000000D+00
   1   4   3   4  0.15319521843048D+03  0.00000000000000D+00
   2   4   3   4  0.15319521843048D+03  0.00000000000000D+00
   3   4   3   4 -0.45958565529144D+03  0.00000000000000D+00
  
 2nd derivatives (non-stat.)  - # elements :      36
 qpt  2.50000000E-01  0.00000000E+00  0.00000000E+00   1.0
   1   1   1   1  0.60101195245779D+01  0.56409887151599D-09
   2   1   1   1  0.25619383320438D+01 -0.14684047714099D-16
   3   1   1   1  0.25619383320438D+01  0.71537909307925D-16
   1   2   1   1 -0.33296275581781D+01 -0.23909550609664D+01
   2   2   1   1 -0.24969067052068D+01 -0.14700550027088D+00
   3   2   1   1 -0.24969067052068D+01 -0.14700550027088D+00
   1   1   2   1  0.25619383320438D+01 -0.14684047714099D-16
   2   1   2   1  0.51238766640877D+01  0.74062829504327D-18
   3   1   2   1  0.25619383320438D+01 -0.15799437810936D-16
   1   2   2   1 -0.24969067052068D+01 -0.14700550027088D+00
   2   2   2   1 -0.49938134104135D+01 -0.29401100054176D+00
   3   2   2   1 -0.24969067052068D+01 -0.14700550027088D+00
   1   1   3   1  0.25619383320438D+01  0.71537909307925D-16
   2   1   3   1  0.25619383320438D+01 -0.15799437810936D-16
   3   1   3   1  0.51238766640877D+01 -0.22447244908371D-16
   1   2   3   1 -0.24969067052068D+01 -0.14700550027088D+00
   2   2   3   1 -0.24969067052068D+01 -0.14700550027088D+00
   3   2   3   1 -0.49938134104135D+01 -0.29401100054176D+00
   1   1   1   2 -0.33296275203286D+01  0.23909550892241D+01
   2   1   1   2 -0.24969066698070D+01  0.14700554858604D+00
   3   1   1   2 -0.24969066698070D+01  0.14700554858604D+00
   1   2   1   2  0.62645215065961D+01  0.38290753767667D-08
   2   2   1   2  0.27590973045873D+01 -0.38773371662341D-15
   3   2   1   2  0.27590973045873D+01 -0.14822828045112D-15
   1   1   2   2 -0.24969066698070D+01  0.14700554858604D+00
   2   1   2   2 -0.49938133396139D+01  0.29401109717208D+00
   3   1   2   2 -0.24969066698070D+01  0.14700554858604D+00
   1   2   2   2  0.27590973045873D+01 -0.38773371662341D-15
   2   2   2   2  0.55181946091746D+01 -0.43162356817464D-15
   3   2   2   2  0.27590973045873D+01 -0.47756819624680D-15
   1   1   3   2 -0.24969066698070D+01  0.14700554858604D+00
   2   1   3   2 -0.24969066698070D+01  0.14700554858604D+00
   3   1   3   2 -0.49938133396139D+01  0.29401109717208D+00
   1   2   3   2  0.27590973045873D+01 -0.14822828045112D-15
   2   2   3   2  0.27590973045873D+01 -0.47756819624680D-15
   3   2   3   2  0.55181946091747D+01 -0.45266624017359D-15
  
 2nd derivatives (non-stat.)  - # elements :      36
 qpt  5.00000000E-01  0.00000000E+00  0.00000000E+00   1.0
   1   1   1   1  0.62421317188880D+01 -0.10096167448389D-10
   2   1   1   1  0.25352885096180D+01  0.00000000000000D+00
   3   1   1   1  0.25352885096180D+01  0.00000000000000D+00
   1   2   1   1 -0.86673639303699D+00 -0.40663379203631D-10
   2   2   1   1 -0.24565054079812D+01 -0.60153476718412D-15
   3   2   1   1 -0.24565054079812D+01 -0.61404301875405D-15
   1   1   2   1  0.25352885096180D+01  0.00000000000000D+00
   2   1   2   1  0.50705770192360D+01  0.00000000000000D+00
   3   1   2   1  0.25352885096180D+01  0.00000000000000D+00
   1   2   2   1 -0.24565054079812D+01 -0.60153476718358D-15
   2   2   2   1 -0.49130108159624D+01 -0.12094216481303D-14
   3   2   2   1 -0.24565054079812D+01 -0.60283462801370D-15
   1   1   3   1  0.25352885096180D+01  0.00000000000000D+00
   2   1   3   1  0.25352885096180D+01  0.00000000000000D+00
   3   1   3   1  0.50705770192360D+01  0.00000000000000D+00
   1   2   3   1 -0.24565054079812D+01 -0.61404301875363D-15
   2   2   3   1 -0.24565054079812D+01 -0.60283462801370D-15
   3   2   3   1 -0.49130108159624D+01 -0.11948183343204D-14
   1   1   1   2 -0.86673643449226D+00  0.38447278108004D-10
   2   1   1   2 -0.24565054057454D+01 -0.82409285054766D-15
   3   1   1   2 -0.24565054057454D+01 -0.81158459897751D-15
   1   2   1   2  0.66832639268675D+01  0.32474927207882D-11
   2   2   1   2  0.28002179814187D+01  0.00000000000000D+00
   3   2   1   2  0.28002179814187D+01  0.00000000000000D+00
   1   1   2   2 -0.24565054057454D+01 -0.82409285054716D-15
   2   1   2   2 -0.49130108114908D+01 -0.16418335873326D-14
   3   1   2   2 -0.24565054057454D+01 -0.82279298971776D-15
   1   2   2   2  0.28002179814187D+01  0.00000000000000D+00
   2   2   2   2  0.56004359628373D+01  0.00000000000000D+00
   3   2   2   2  0.28002179814187D+01  0.00000000000000D+00
   1   1   3   2 -0.24565054057454D+01 -0.81158459897718D-15
   2   1   3   2 -0.24565054057454D+01 -0.82279298971776D-15
   3   1   3   2 -0.49130108114908D+01 -0.16564369011425D-14
   1   2   3   2  0.28002179814187D+01  0.00000000000000D+00
   2   2   3   2  0.28002179814187D+01  0.00000000000000D+00
   3   2   3   2  0.56004359628374D+01  0.00000000000000D+00
  
 2nd derivatives (non-stat.)  - # elements :      36
 qpt  2.50000000E-01  2.50000000E-01  0.00000000E+00   1.0
   1   1   1   1  0.57656723611479D+01  0.64399471805925D-16
   2   1   1   1  0.34036718775798D+01 -0.97591101630481D-17
   3   1   1   1  0.23620004835681D+01  0.59084254143366D-16
   1   2   1   1 -0.27943127112014D+01 -0.27943127111696D+01
   2   2   1   1 -0.25438137768937D+01 -0.50666877160512D+00
   3   2   1   1 -0.22876439395645D+01 -0.25049893430773D+00
   1   1   2   1  0.34036718775798D+01 -0.97591101630481D-17
   2   1   2   1  0.57656723611479D+01 -0.31607362236904D-16
   3   1   2   1  0.23620004835681D+01 -0.82113384489646D-17
   1   2   2   1 -0.25438137768937D+01 -0.50666877160512D+00
   2   2   2   1 -0.27943127112014D+01 -0.27943127111696D+01
   3   2   2   1 -0.22876439395645D+01 -0.25049893430773D+00
   1   1   3   1  0.23620004835681D+01  0.59084254143366D-16
   2   1   3   1  0.23620004835681D+01 -0.82113384489646D-17
   3   1   3   1  0.47240009671362D+01 -0.54010646019674D-17
   1   2   3   1 -0.22876439395645D+01 -0.25049893430773D+00
   2   2   3   1 -0.22876439395645D+01 -0.25049893430773D+00
   3   2   3   1 -0.45752878791290D+01 -0.50099786861545D+00
   1   1   1   2 -0.27943127106270D+01  0.27943127105952D+01
   2   1   1   2 -0.25438137767023D+01  0.50666877141365D+00
   3   1   1   2 -0.22876439391816D+01  0.25049893392480D+00
   1   2   1   2  0.61526181534280D+01  0.17888742168313D-15
   2   2   1   2  0.33214637124219D+01 -0.27108639341800D-16
   3   2   1   2  0.28311544410061D+01  0.16412292817602D-15
   1   1   2   2 -0.25438137767023D+01  0.50666877141365D+00
   2   1   2   2 -0.27943127106270D+01  0.27943127105952D+01
   3   1   2   2 -0.22876439391816D+01  0.25049893392480D+00
   1   2   2   2  0.33214637124219D+01 -0.27108639341800D-16
   2   2   2   2  0.61526181534280D+01 -0.87798228435844D-16
   3   2   2   2  0.28311544410061D+01 -0.22809273469346D-16
   1   1   3   2 -0.22876439391816D+01  0.25049893392480D+00
   2   1   3   2 -0.22876439391816D+01  0.25049893392480D+00
   3   1   3   2 -0.45752878783632D+01  0.50099786784959D+00
   1   2   3   2  0.28311544410061D+01  0.16412292817602D-15
   2   2   3   2  0.28311544410061D+01 -0.22809273469346D-16
   3   2   3   2  0.56623088820121D+01 -0.15002957227687D-16
  
 2nd derivatives (non-stat.)  - # elements :      36
 qpt  5.00000000E-01  2.50000000E-01  0.00000000E+00   1.0
   1   1   1   1  0.56851240459815D+01 -0.24373800658684D-09
   2   1   1   1  0.30821703720833D+01  0.23025947898159D+00
   3   1   1   1  0.23327420834596D+01 -0.75270178293809D-17
   1   2   1   1 -0.36629328922668D+00 -0.31755994707330D+00
   2   2   1   1 -0.23410934793796D+01 -0.20887914604693D+00
   3   2   1   1 -0.22579676400884D+01 -0.13085939408976D+00
   1   1   2   1  0.30821703627848D+01 -0.23025947926090D+00
   2   1   2   1  0.53777155196674D+01  0.35838335973462D-09
   3   1   2   1  0.23327420834596D+01  0.30347000806904D-16
   1   2   2   1 -0.25651272025454D+01 -0.13793445652544D+00
   2   2   2   1 -0.25433072955629D+01 -0.23558000588797D+01
   3   2   2   1 -0.22579676400884D+01 -0.13085939408976D+00
   1   1   3   1  0.23327420834596D+01 -0.75270178293809D-17
   2   1   3   1  0.23327420834596D+01  0.30347000806904D-16
   3   1   3   1  0.46654841669193D+01  0.45245263297073D-17
   1   2   3   1 -0.22579676400884D+01 -0.13085939408976D+00
   2   2   3   1 -0.22579676400884D+01 -0.13085939408976D+00
   3   2   3   1 -0.45159352801767D+01 -0.26171878817952D+00
   1   1   1   2 -0.36629328027970D+00  0.31755997162523D+00
   2   1   1   2 -0.25651271920630D+01  0.13793444469778D+00
   3   1   1   2 -0.22579676408800D+01  0.13085939561620D+00
   1   2   1   2  0.65459997558257D+01  0.33998985008409D-08
   2   2   1   2  0.32193460547595D+01  0.34117917904629D+00
   3   2   1   2  0.28692173506271D+01  0.65827790939449D-16
   1   1   2   2 -0.23410934759177D+01  0.20887915974076D+00
   2   1   2   2 -0.25433072851949D+01  0.23558000648431D+01
   3   1   2   2 -0.22579676408800D+01  0.13085939561620D+00
   1   2   2   2  0.32193460617103D+01 -0.34117915076029D+00
   2   2   2   2  0.61814459301839D+01  0.14239137591651D-09
   3   2   2   2  0.28692173506271D+01  0.84297224463622D-16
   1   1   3   2 -0.22579676408800D+01  0.13085939561620D+00
   2   1   3   2 -0.22579676408800D+01  0.13085939561620D+00
   3   1   3   2 -0.45159352817600D+01  0.26171879123240D+00
   1   2   3   2  0.28692173506271D+01  0.65827790939449D-16
   2   2   3   2  0.28692173506271D+01  0.84297224463622D-16
   3   2   3   2  0.57384347012542D+01  0.99304302492472D-16
  
 2nd derivatives (non-stat.)  - # elements :      36
 qpt -2.50000000E-01  2.50000000E-01  0.00000000E+00   1.0
   1   1   1   1  0.53292143086840D+01  0.13987533008673D-08
   2   1   1   1  0.26587826247509D+01  0.30000340277139D+00
   3   1   1   1  0.24345323246437D+01 -0.97000643056112D-19
   1   2   1   1 -0.27431213040023D+01  0.21423200664047D+01
   2   2   1   1 -0.24509607869796D+01 -0.17085165630568D+00
   3   2   1   1 -0.23046288519413D+01 -0.21576498295187D-11
   1   1   2   1  0.26587826256435D+01 -0.30000340137264D+00
   2   1   2   1  0.53292143074990D+01 -0.27975065453310D-08
   3   1   2   1  0.24345323246437D+01  0.75252412203012D-17
   1   2   2   1 -0.24509608015497D+01  0.17085166173730D+00
   2   2   2   1 -0.27431212971154D+01 -0.21423200672955D+01
   3   2   2   1 -0.23046288519413D+01 -0.21575375889072D-11
   1   1   3   1  0.24345323246437D+01 -0.97000643056112D-19
   2   1   3   1  0.24345323246437D+01  0.75252412203012D-17
   3   1   3   1  0.48690646492873D+01  0.17154253614920D-17
   1   2   3   1 -0.23046288519413D+01 -0.21576498295195D-11
   2   2   3   1 -0.23046288519413D+01 -0.21575375889080D-11
   3   2   3   1 -0.46092577038826D+01 -0.43143938251781D-11
   1   1   1   2 -0.27431212947124D+01 -0.21423200589450D+01
   2   1   1   2 -0.24509607947773D+01 -0.17085165616317D+00
   3   1   1   2 -0.23046288529013D+01  0.21568426911600D-11
   1   2   1   2  0.62057848861483D+01 -0.39599943009011D-08
   2   2   1   2  0.29328193262818D+01  0.35850710270853D+00
   3   2   1   2  0.28159505825072D+01 -0.26944623071142D-18
   1   1   2   2 -0.24509607938319D+01  0.17085165720877D+00
   2   1   2   2 -0.27431212879054D+01  0.21423200533586D+01
   3   1   2   2 -0.23046288529013D+01  0.21567304505485D-11
   1   2   2   2  0.29328193309039D+01 -0.35850710666852D+00
   2   2   2   2  0.62057848806244D+01  0.79199887584787D-08
   3   2   2   2  0.28159505825072D+01  0.20903447834170D-16
   1   1   3   2 -0.23046288529013D+01  0.21568426911600D-11
   2   1   3   2 -0.23046288529013D+01  0.21567304505485D-11
   3   1   3   2 -0.46092577058026D+01  0.43127795484608D-11
   1   2   3   2  0.28159505825072D+01 -0.26944623071142D-18
   2   2   3   2  0.28159505825072D+01  0.20903447834170D-16
   3   2   3   2  0.56319011650145D+01  0.47650704485888D-17
  
 2nd derivatives (non-stat.)  - # elements :      36
 qpt  5.00000000E-01  5.00000000E-01  0.00000000E+00   1.0
   1   1   1   1  0.60582780587867D+01  0.00000000000000D+00
   2   1   1   1  0.38143403873020D+01  0.00000000000000D+00
   3   1   1   1  0.22439376714847D+01  0.00000000000000D+00
   1   2   1   1 -0.86021982574085D-14 -0.49773194336759D-15
   2   2   1   1 -0.22426541105356D+01  0.18464748807968D-14
   3   2   1   1 -0.22426541105356D+01  0.15837317036886D-14
   1   1   2   1  0.38143403873020D+01  0.00000000000000D+00
   2   1   2   1  0.60582780587867D+01  0.00000000000000D+00
   3   1   2   1  0.22439376714847D+01  0.00000000000000D+00
   1   2   2   1 -0.22426541105356D+01  0.18464748807968D-14
   2   2   2   1 -0.87677572240031D-14 -0.51193881311790D-15
   3   2   2   1 -0.22426541105356D+01  0.15857693445845D-14
   1   1   3   1  0.22439376714847D+01  0.00000000000000D+00
   2   1   3   1  0.22439376714847D+01  0.00000000000000D+00
   3   1   3   1  0.44878753429695D+01  0.00000000000000D+00
   1   2   3   1 -0.22426541105356D+01  0.15837317036886D-14
   2   2   3   1 -0.22426541105356D+01  0.15857693445845D-14
   3   2   3   1 -0.44853082210711D+01  0.31704275408165D-14
   1   1   1   2 -0.86021982574085D-14  0.49773194336759D-15
   2   1   1   2 -0.22426541105356D+01 -0.23819824501866D-14
   3   1   1   2 -0.22426541105355D+01 -0.21192392730784D-14
   1   2   1   2  0.65323207914929D+01  0.00000000000000D+00
   2   2   1   2  0.36068843418533D+01  0.00000000000000D+00
   3   2   1   2  0.29254364496397D+01  0.00000000000000D+00
   1   1   2   2 -0.22426541105356D+01 -0.23819824501866D-14
   2   1   2   2 -0.87021652717379D-14  0.51193881311790D-15
   3   1   2   2 -0.22426541105355D+01 -0.21212769139743D-14
   1   2   2   2  0.36068843418533D+01  0.00000000000000D+00
   2   2   2   2  0.65323207914929D+01  0.00000000000000D+00
   3   2   2   2  0.29254364496397D+01  0.00000000000000D+00
   1   1   3   2 -0.22426541105355D+01 -0.21192392730784D-14
   2   1   3   2 -0.22426541105355D+01 -0.21212769139743D-14
   3   1   3   2 -0.44853082210711D+01 -0.42414426795960D-14
   1   2   3   2  0.29254364496397D+01  0.00000000000000D+00
   2   2   3   2  0.29254364496397D+01  0.00000000000000D+00
   3   2   3   2  0.58508728992794D+01  0.00000000000000D+00
  
 2nd derivatives (non-stat.)  - # elements :      36
 qpt -2.50000000E-01  5.00000000E-01  2.50000000E-01   1.0
   1   1   1   1  0.49395567550435D+01  0.65888870244535D-08
   2   1   1   1  0.27080772694299D+01  0.16964739660816D+00
   3   1   1   1  0.22314794818666D+01  0.16964739880446D+00
   1   2   1   1 -0.21516970017398D+01  0.21516969973353D+01
   2   2   1   1 -0.22470087012678D+01 -0.32286451311203D-08
   3   2   1   1 -0.21516969985111D+01 -0.95311703932474D-01
   1   1   2   1  0.27080772731769D+01 -0.16964739221557D+00
   2   1   2   1  0.54161545426068D+01  0.43925913607886D-08
   3   1   2   1  0.27080772694299D+01  0.16964739660816D+00
   1   2   2   1 -0.20563852978073D+01 -0.11758577978711D-08
   2   2   2   1 -0.11214597585057D-13 -0.15132358909414D-14
   3   2   2   1 -0.20563852978073D+01 -0.11758584128601D-08
   1   1   3   1  0.22314794856136D+01 -0.16964739001927D+00
   2   1   3   1  0.27080772731769D+01 -0.16964739221557D+00
   3   1   3   1  0.49395567550435D+01  0.65888870703447D-08
   1   2   3   1 -0.21516970005639D+01  0.95311699527971D-01
   2   2   3   1 -0.22470087012678D+01 -0.32286459438678D-08
   3   2   3   1 -0.21516969973353D+01 -0.21516970017398D+01
   1   1   1   2 -0.21516970035222D+01 -0.21516969948142D+01
   2   1   1   2 -0.20563853033261D+01  0.42588489741180D-08
   3   1   1   2 -0.21516969992634D+01 -0.95311691488105D-01
   1   2   1   2  0.62622824460419D+01 -0.11378662414694D-07
   2   2   1   2  0.32474943709340D+01  0.32695244895740D+00
   3   2   1   2  0.30147880883817D+01  0.32695244516451D+00
   1   1   2   2 -0.22470086950103D+01  0.44491105778050D-08
   2   1   2   2 -0.11214597585057D-13  0.15132358909414D-14
   3   1   2   2 -0.22470086950103D+01  0.44491107487049D-08
   1   2   2   2  0.32474943576602D+01 -0.32695245654317D+00
   2   2   2   2  0.64949887285942D+01 -0.75857749121491D-08
   3   2   2   2  0.32474943709340D+01  0.32695244895740D+00
   1   1   3   2 -0.21516969990731D+01  0.95311700196065D-01
   2   1   3   2 -0.20563853033262D+01  0.42588497868655D-08
   3   1   3   2 -0.21516969948143D+01  0.21516970035222D+01
   1   2   3   2  0.30147880751079D+01 -0.32695246033606D+00
   2   2   3   2  0.32474943576602D+01 -0.32695245654317D+00
   3   2   3   2  0.62622824460419D+01 -0.11378662287219D-07

 List of bloks and their characteristics 
  
 2nd derivatives (non-stat.)  - # elements :      81
 qpt  0.00000000E+00  0.00000000E+00  0.00000000E+00   1.0
  
 2nd derivatives (non-stat.)  - # elements :      36
 qpt  2.50000000E-01  0.00000000E+00  0.00000000E+00   1.0
  
 2nd derivatives (non-stat.)  - # elements :      36
 qpt  5.00000000E-01  0.00000000E+00  0.00000000E+00   1.0
  
 2nd derivatives (non-stat.)  - # elements :      36
 qpt  2.50000000E-01  2.50000000E-01  0.00000000E+00   1.0
  
 2nd derivatives (non-stat.)  - # elements :      36
 qpt  5.00000000E-01  2.50000000E-01  0.00000000E+00   1.0
  
 2nd derivatives (non-stat.)  - # elements :      36
 qpt -2.50000000E-01  2.50000000E-01  0.00000000E+00   1.0
  
 2nd derivatives (non-stat.)  - # elements :      36
 qpt  5.00000000E-01  5.00000000E-01  0.00000000E+00   1.0
  
 2nd derivatives (non-stat.)  - # elements :      36
 qpt -2.50000000E-01  5.00000000E-01  2.50000000E-01   1.0
