
 **** DERIVATIVE DATABASE ****    
+DDB, Version number    100401

  Note : temporary (transfer) database

    usepaw         0
     natom         2
      nkpt       256
    nsppol         1
      nsym        24
    ntypat         2
    occopt         1
     nband         4
     acell  0.11992657950000D+02  0.11992657950000D+02  0.11992657950000D+02
       amu  0.11482000000000D+03  0.12175300000000D+03
   dilatmx  0.10000000000000D+01
      ecut  0.25000000000000D+02
    ecutsm  0.00000000000000D+00
     intxc         0
      iscf         7
       ixc         1
       kpt -0.12500000000000D+00 -0.25000000000000D+00  0.00000000000000D+00
           -0.25000000000000D+00 -0.12500000000000D+00  0.00000000000000D+00
           -0.12500000000000D+00 -0.12500000000000D+00  0.12500000000000D+00
           -0.12500000000000D+00  0.50000000000000D+00  0.00000000000000D+00
           -0.25000000000000D+00 -0.37500000000000D+00  0.00000000000000D+00
           -0.12500000000000D+00 -0.37500000000000D+00  0.12500000000000D+00
           -0.37500000000000D+00 -0.25000000000000D+00  0.00000000000000D+00
           -0.25000000000000D+00 -0.25000000000000D+00  0.12500000000000D+00
           -0.12500000000000D+00 -0.25000000000000D+00  0.25000000000000D+00
            0.50000000000000D+00 -0.12500000000000D+00  0.00000000000000D+00
           -0.37500000000000D+00 -0.12500000000000D+00  0.12500000000000D+00
           -0.25000000000000D+00 -0.12500000000000D+00  0.25000000000000D+00
           -0.12500000000000D+00 -0.12500000000000D+00  0.37500000000000D+00
           -0.12500000000000D+00  0.25000000000000D+00  0.00000000000000D+00
           -0.25000000000000D+00  0.37500000000000D+00  0.00000000000000D+00
           -0.12500000000000D+00  0.37500000000000D+00  0.12500000000000D+00
           -0.37500000000000D+00  0.50000000000000D+00  0.00000000000000D+00
           -0.25000000000000D+00  0.50000000000000D+00  0.12500000000000D+00
           -0.12500000000000D+00  0.50000000000000D+00  0.25000000000000D+00
            0.50000000000000D+00 -0.37500000000000D+00  0.00000000000000D+00
           -0.37500000000000D+00 -0.37500000000000D+00  0.12500000000000D+00
           -0.25000000000000D+00 -0.37500000000000D+00  0.25000000000000D+00
           -0.12500000000000D+00 -0.37500000000000D+00  0.37500000000000D+00
            0.37500000000000D+00 -0.25000000000000D+00  0.00000000000000D+00
            0.50000000000000D+00 -0.25000000000000D+00  0.12500000000000D+00
           -0.37500000000000D+00 -0.25000000000000D+00  0.25000000000000D+00
           -0.25000000000000D+00 -0.25000000000000D+00  0.37500000000000D+00
           -0.12500000000000D+00 -0.25000000000000D+00  0.50000000000000D+00
            0.25000000000000D+00 -0.12500000000000D+00  0.00000000000000D+00
            0.37500000000000D+00 -0.12500000000000D+00  0.12500000000000D+00
            0.50000000000000D+00 -0.12500000000000D+00  0.25000000000000D+00
           -0.37500000000000D+00 -0.12500000000000D+00  0.37500000000000D+00
           -0.25000000000000D+00 -0.12500000000000D+00  0.50000000000000D+00
           -0.12500000000000D+00 -0.12500000000000D+00 -0.37500000000000D+00
           -0.12500000000000D+00  0.00000000000000D+00  0.00000000000000D+00
           -0.25000000000000D+00  0.12500000000000D+00  0.00000000000000D+00
           -0.12500000000000D+00  0.12500000000000D+00  0.12500000000000D+00
           -0.37500000000000D+00  0.25000000000000D+00  0.00000000000000D+00
           -0.25000000000000D+00  0.25000000000000D+00  0.12500000000000D+00
           -0.12500000000000D+00  0.25000000000000D+00  0.25000000000000D+00
            0.50000000000000D+00  0.37500000000000D+00  0.00000000000000D+00
           -0.37500000000000D+00  0.37500000000000D+00  0.12500000000000D+00
           -0.25000000000000D+00  0.37500000000000D+00  0.25000000000000D+00
           -0.12500000000000D+00  0.37500000000000D+00  0.37500000000000D+00
            0.37500000000000D+00  0.50000000000000D+00  0.00000000000000D+00
            0.50000000000000D+00  0.50000000000000D+00  0.12500000000000D+00
           -0.37500000000000D+00  0.50000000000000D+00  0.25000000000000D+00
           -0.25000000000000D+00  0.50000000000000D+00  0.37500000000000D+00
           -0.12500000000000D+00  0.50000000000000D+00  0.50000000000000D+00
            0.25000000000000D+00 -0.37500000000000D+00  0.00000000000000D+00
            0.37500000000000D+00 -0.37500000000000D+00  0.12500000000000D+00
            0.50000000000000D+00 -0.37500000000000D+00  0.25000000000000D+00
           -0.37500000000000D+00 -0.37500000000000D+00  0.37500000000000D+00
           -0.25000000000000D+00 -0.37500000000000D+00  0.50000000000000D+00
           -0.12500000000000D+00 -0.37500000000000D+00 -0.37500000000000D+00
            0.12500000000000D+00 -0.25000000000000D+00  0.00000000000000D+00
            0.25000000000000D+00 -0.25000000000000D+00  0.12500000000000D+00
            0.37500000000000D+00 -0.25000000000000D+00  0.25000000000000D+00
            0.50000000000000D+00 -0.25000000000000D+00  0.37500000000000D+00
           -0.37500000000000D+00 -0.25000000000000D+00  0.50000000000000D+00
           -0.25000000000000D+00 -0.25000000000000D+00 -0.37500000000000D+00
           -0.12500000000000D+00 -0.25000000000000D+00 -0.25000000000000D+00
            0.00000000000000D+00 -0.12500000000000D+00  0.00000000000000D+00
            0.12500000000000D+00 -0.12500000000000D+00  0.12500000000000D+00
            0.25000000000000D+00 -0.12500000000000D+00  0.25000000000000D+00
            0.37500000000000D+00 -0.12500000000000D+00  0.37500000000000D+00
            0.50000000000000D+00 -0.12500000000000D+00  0.50000000000000D+00
           -0.37500000000000D+00 -0.12500000000000D+00 -0.37500000000000D+00
           -0.25000000000000D+00 -0.12500000000000D+00 -0.25000000000000D+00
           -0.12500000000000D+00 -0.12500000000000D+00 -0.12500000000000D+00
           -0.37500000000000D+00  0.00000000000000D+00  0.00000000000000D+00
           -0.25000000000000D+00  0.00000000000000D+00  0.12500000000000D+00
           -0.12500000000000D+00  0.00000000000000D+00  0.25000000000000D+00
            0.50000000000000D+00  0.12500000000000D+00  0.00000000000000D+00
           -0.37500000000000D+00  0.12500000000000D+00  0.12500000000000D+00
           -0.25000000000000D+00  0.12500000000000D+00  0.25000000000000D+00
           -0.12500000000000D+00  0.12500000000000D+00  0.37500000000000D+00
            0.37500000000000D+00  0.25000000000000D+00  0.00000000000000D+00
            0.50000000000000D+00  0.25000000000000D+00  0.12500000000000D+00
           -0.37500000000000D+00  0.25000000000000D+00  0.25000000000000D+00
           -0.25000000000000D+00  0.25000000000000D+00  0.37500000000000D+00
           -0.12500000000000D+00  0.25000000000000D+00  0.50000000000000D+00
            0.25000000000000D+00  0.37500000000000D+00  0.00000000000000D+00
            0.37500000000000D+00  0.37500000000000D+00  0.12500000000000D+00
            0.50000000000000D+00  0.37500000000000D+00  0.25000000000000D+00
           -0.37500000000000D+00  0.37500000000000D+00  0.37500000000000D+00
           -0.25000000000000D+00  0.37500000000000D+00  0.50000000000000D+00
           -0.12500000000000D+00  0.37500000000000D+00 -0.37500000000000D+00
            0.12500000000000D+00  0.50000000000000D+00  0.00000000000000D+00
            0.25000000000000D+00  0.50000000000000D+00  0.12500000000000D+00
            0.37500000000000D+00  0.50000000000000D+00  0.25000000000000D+00
            0.50000000000000D+00  0.50000000000000D+00  0.37500000000000D+00
           -0.37500000000000D+00  0.50000000000000D+00  0.50000000000000D+00
           -0.25000000000000D+00  0.50000000000000D+00 -0.37500000000000D+00
           -0.12500000000000D+00  0.50000000000000D+00 -0.25000000000000D+00
            0.00000000000000D+00 -0.37500000000000D+00  0.00000000000000D+00
            0.12500000000000D+00 -0.37500000000000D+00  0.12500000000000D+00
            0.25000000000000D+00 -0.37500000000000D+00  0.25000000000000D+00
            0.37500000000000D+00 -0.37500000000000D+00  0.37500000000000D+00
            0.50000000000000D+00 -0.37500000000000D+00  0.50000000000000D+00
           -0.37500000000000D+00 -0.37500000000000D+00 -0.37500000000000D+00
           -0.25000000000000D+00 -0.37500000000000D+00 -0.25000000000000D+00
           -0.12500000000000D+00 -0.37500000000000D+00 -0.12500000000000D+00
            0.00000000000000D+00 -0.25000000000000D+00  0.12500000000000D+00
            0.12500000000000D+00 -0.25000000000000D+00  0.25000000000000D+00
            0.25000000000000D+00 -0.25000000000000D+00  0.37500000000000D+00
            0.37500000000000D+00 -0.25000000000000D+00  0.50000000000000D+00
            0.50000000000000D+00 -0.25000000000000D+00 -0.37500000000000D+00
           -0.37500000000000D+00 -0.25000000000000D+00 -0.25000000000000D+00
           -0.25000000000000D+00 -0.25000000000000D+00 -0.12500000000000D+00
            0.00000000000000D+00 -0.12500000000000D+00  0.25000000000000D+00
            0.12500000000000D+00 -0.12500000000000D+00  0.37500000000000D+00
            0.25000000000000D+00 -0.12500000000000D+00  0.50000000000000D+00
            0.37500000000000D+00 -0.12500000000000D+00 -0.37500000000000D+00
            0.50000000000000D+00 -0.12500000000000D+00 -0.25000000000000D+00
           -0.37500000000000D+00 -0.12500000000000D+00 -0.12500000000000D+00
            0.37500000000000D+00  0.00000000000000D+00  0.00000000000000D+00
            0.50000000000000D+00  0.00000000000000D+00  0.12500000000000D+00
           -0.37500000000000D+00  0.00000000000000D+00  0.25000000000000D+00
           -0.25000000000000D+00  0.00000000000000D+00  0.37500000000000D+00
           -0.12500000000000D+00  0.00000000000000D+00  0.50000000000000D+00
            0.25000000000000D+00  0.12500000000000D+00  0.00000000000000D+00
            0.37500000000000D+00  0.12500000000000D+00  0.12500000000000D+00
            0.50000000000000D+00  0.12500000000000D+00  0.25000000000000D+00
           -0.37500000000000D+00  0.12500000000000D+00  0.37500000000000D+00
           -0.25000000000000D+00  0.12500000000000D+00  0.50000000000000D+00
           -0.12500000000000D+00  0.12500000000000D+00 -0.37500000000000D+00
            0.12500000000000D+00  0.25000000000000D+00  0.00000000000000D+00
            0.25000000000000D+00  0.25000000000000D+00  0.12500000000000D+00
            0.37500000000000D+00  0.25000000000000D+00  0.25000000000000D+00
            0.50000000000000D+00  0.25000000000000D+00  0.37500000000000D+00
           -0.37500000000000D+00  0.25000000000000D+00  0.50000000000000D+00
           -0.25000000000000D+00  0.25000000000000D+00 -0.37500000000000D+00
           -0.12500000000000D+00  0.25000000000000D+00 -0.25000000000000D+00
            0.00000000000000D+00  0.37500000000000D+00  0.00000000000000D+00
            0.12500000000000D+00  0.37500000000000D+00  0.12500000000000D+00
            0.25000000000000D+00  0.37500000000000D+00  0.25000000000000D+00
            0.37500000000000D+00  0.37500000000000D+00  0.37500000000000D+00
            0.50000000000000D+00  0.37500000000000D+00  0.50000000000000D+00
           -0.37500000000000D+00  0.37500000000000D+00 -0.37500000000000D+00
           -0.25000000000000D+00  0.37500000000000D+00 -0.25000000000000D+00
           -0.12500000000000D+00  0.37500000000000D+00 -0.12500000000000D+00
            0.00000000000000D+00  0.50000000000000D+00  0.12500000000000D+00
            0.12500000000000D+00  0.50000000000000D+00  0.25000000000000D+00
            0.25000000000000D+00  0.50000000000000D+00  0.37500000000000D+00
            0.37500000000000D+00  0.50000000000000D+00  0.50000000000000D+00
            0.50000000000000D+00  0.50000000000000D+00 -0.37500000000000D+00
           -0.37500000000000D+00  0.50000000000000D+00 -0.25000000000000D+00
           -0.25000000000000D+00  0.50000000000000D+00 -0.12500000000000D+00
            0.00000000000000D+00 -0.37500000000000D+00  0.25000000000000D+00
            0.12500000000000D+00 -0.37500000000000D+00  0.37500000000000D+00
            0.25000000000000D+00 -0.37500000000000D+00  0.50000000000000D+00
            0.37500000000000D+00 -0.37500000000000D+00 -0.37500000000000D+00
            0.50000000000000D+00 -0.37500000000000D+00 -0.25000000000000D+00
           -0.37500000000000D+00 -0.37500000000000D+00 -0.12500000000000D+00
            0.00000000000000D+00 -0.25000000000000D+00  0.37500000000000D+00
            0.12500000000000D+00 -0.25000000000000D+00  0.50000000000000D+00
            0.25000000000000D+00 -0.25000000000000D+00 -0.37500000000000D+00
            0.37500000000000D+00 -0.25000000000000D+00 -0.25000000000000D+00
            0.50000000000000D+00 -0.25000000000000D+00 -0.12500000000000D+00
            0.00000000000000D+00 -0.12500000000000D+00  0.50000000000000D+00
            0.12500000000000D+00 -0.12500000000000D+00 -0.37500000000000D+00
            0.25000000000000D+00 -0.12500000000000D+00 -0.25000000000000D+00
            0.37500000000000D+00 -0.12500000000000D+00 -0.12500000000000D+00
            0.12500000000000D+00  0.00000000000000D+00  0.00000000000000D+00
            0.25000000000000D+00  0.00000000000000D+00  0.12500000000000D+00
            0.37500000000000D+00  0.00000000000000D+00  0.25000000000000D+00
            0.50000000000000D+00  0.00000000000000D+00  0.37500000000000D+00
           -0.37500000000000D+00  0.00000000000000D+00  0.50000000000000D+00
           -0.25000000000000D+00  0.00000000000000D+00 -0.37500000000000D+00
           -0.12500000000000D+00  0.00000000000000D+00 -0.25000000000000D+00
            0.00000000000000D+00  0.12500000000000D+00  0.00000000000000D+00
            0.12500000000000D+00  0.12500000000000D+00  0.12500000000000D+00
            0.25000000000000D+00  0.12500000000000D+00  0.25000000000000D+00
            0.37500000000000D+00  0.12500000000000D+00  0.37500000000000D+00
            0.50000000000000D+00  0.12500000000000D+00  0.50000000000000D+00
           -0.37500000000000D+00  0.12500000000000D+00 -0.37500000000000D+00
           -0.25000000000000D+00  0.12500000000000D+00 -0.25000000000000D+00
           -0.12500000000000D+00  0.12500000000000D+00 -0.12500000000000D+00
            0.00000000000000D+00  0.25000000000000D+00  0.12500000000000D+00
            0.12500000000000D+00  0.25000000000000D+00  0.25000000000000D+00
            0.25000000000000D+00  0.25000000000000D+00  0.37500000000000D+00
            0.37500000000000D+00  0.25000000000000D+00  0.50000000000000D+00
            0.50000000000000D+00  0.25000000000000D+00 -0.37500000000000D+00
           -0.37500000000000D+00  0.25000000000000D+00 -0.25000000000000D+00
           -0.25000000000000D+00  0.25000000000000D+00 -0.12500000000000D+00
            0.00000000000000D+00  0.37500000000000D+00  0.25000000000000D+00
            0.12500000000000D+00  0.37500000000000D+00  0.37500000000000D+00
            0.25000000000000D+00  0.37500000000000D+00  0.50000000000000D+00
            0.37500000000000D+00  0.37500000000000D+00 -0.37500000000000D+00
            0.50000000000000D+00  0.37500000000000D+00 -0.25000000000000D+00
           -0.37500000000000D+00  0.37500000000000D+00 -0.12500000000000D+00
            0.00000000000000D+00  0.50000000000000D+00  0.37500000000000D+00
            0.12500000000000D+00  0.50000000000000D+00  0.50000000000000D+00
            0.25000000000000D+00  0.50000000000000D+00 -0.37500000000000D+00
            0.37500000000000D+00  0.50000000000000D+00 -0.25000000000000D+00
            0.50000000000000D+00  0.50000000000000D+00 -0.12500000000000D+00
            0.00000000000000D+00 -0.37500000000000D+00  0.50000000000000D+00
            0.12500000000000D+00 -0.37500000000000D+00 -0.37500000000000D+00
            0.25000000000000D+00 -0.37500000000000D+00 -0.25000000000000D+00
            0.37500000000000D+00 -0.37500000000000D+00 -0.12500000000000D+00
            0.00000000000000D+00 -0.25000000000000D+00 -0.37500000000000D+00
            0.12500000000000D+00 -0.25000000000000D+00 -0.25000000000000D+00
            0.25000000000000D+00 -0.25000000000000D+00 -0.12500000000000D+00
            0.00000000000000D+00 -0.12500000000000D+00 -0.25000000000000D+00
            0.12500000000000D+00 -0.12500000000000D+00 -0.12500000000000D+00
            0.00000000000000D+00  0.00000000000000D+00  0.12500000000000D+00
            0.12500000000000D+00  0.00000000000000D+00  0.25000000000000D+00
            0.25000000000000D+00  0.00000000000000D+00  0.37500000000000D+00
            0.37500000000000D+00  0.00000000000000D+00  0.50000000000000D+00
            0.50000000000000D+00  0.00000000000000D+00 -0.37500000000000D+00
           -0.37500000000000D+00  0.00000000000000D+00 -0.25000000000000D+00
           -0.25000000000000D+00  0.00000000000000D+00 -0.12500000000000D+00
            0.00000000000000D+00  0.12500000000000D+00  0.25000000000000D+00
            0.12500000000000D+00  0.12500000000000D+00  0.37500000000000D+00
            0.25000000000000D+00  0.12500000000000D+00  0.50000000000000D+00
            0.37500000000000D+00  0.12500000000000D+00 -0.37500000000000D+00
            0.50000000000000D+00  0.12500000000000D+00 -0.25000000000000D+00
           -0.37500000000000D+00  0.12500000000000D+00 -0.12500000000000D+00
            0.00000000000000D+00  0.25000000000000D+00  0.37500000000000D+00
            0.12500000000000D+00  0.25000000000000D+00  0.50000000000000D+00
            0.25000000000000D+00  0.25000000000000D+00 -0.37500000000000D+00
            0.37500000000000D+00  0.25000000000000D+00 -0.25000000000000D+00
            0.50000000000000D+00  0.25000000000000D+00 -0.12500000000000D+00
            0.00000000000000D+00  0.37500000000000D+00  0.50000000000000D+00
            0.12500000000000D+00  0.37500000000000D+00 -0.37500000000000D+00
            0.25000000000000D+00  0.37500000000000D+00 -0.25000000000000D+00
            0.37500000000000D+00  0.37500000000000D+00 -0.12500000000000D+00
            0.00000000000000D+00  0.50000000000000D+00 -0.37500000000000D+00
            0.12500000000000D+00  0.50000000000000D+00 -0.25000000000000D+00
            0.25000000000000D+00  0.50000000000000D+00 -0.12500000000000D+00
            0.00000000000000D+00 -0.37500000000000D+00 -0.25000000000000D+00
            0.12500000000000D+00 -0.37500000000000D+00 -0.12500000000000D+00
            0.00000000000000D+00 -0.25000000000000D+00 -0.12500000000000D+00
            0.00000000000000D+00  0.00000000000000D+00  0.37500000000000D+00
            0.12500000000000D+00  0.00000000000000D+00  0.50000000000000D+00
            0.25000000000000D+00  0.00000000000000D+00 -0.37500000000000D+00
            0.37500000000000D+00  0.00000000000000D+00 -0.25000000000000D+00
            0.50000000000000D+00  0.00000000000000D+00 -0.12500000000000D+00
            0.00000000000000D+00  0.12500000000000D+00  0.50000000000000D+00
            0.12500000000000D+00  0.12500000000000D+00 -0.37500000000000D+00
            0.25000000000000D+00  0.12500000000000D+00 -0.25000000000000D+00
            0.37500000000000D+00  0.12500000000000D+00 -0.12500000000000D+00
            0.00000000000000D+00  0.25000000000000D+00 -0.37500000000000D+00
            0.12500000000000D+00  0.25000000000000D+00 -0.25000000000000D+00
            0.25000000000000D+00  0.25000000000000D+00 -0.12500000000000D+00
            0.00000000000000D+00  0.37500000000000D+00 -0.25000000000000D+00
            0.12500000000000D+00  0.37500000000000D+00 -0.12500000000000D+00
            0.00000000000000D+00  0.50000000000000D+00 -0.12500000000000D+00
            0.00000000000000D+00  0.00000000000000D+00 -0.37500000000000D+00
            0.12500000000000D+00  0.00000000000000D+00 -0.25000000000000D+00
            0.25000000000000D+00  0.00000000000000D+00 -0.12500000000000D+00
            0.00000000000000D+00  0.12500000000000D+00 -0.25000000000000D+00
            0.12500000000000D+00  0.12500000000000D+00 -0.12500000000000D+00
            0.00000000000000D+00  0.25000000000000D+00 -0.12500000000000D+00
            0.00000000000000D+00  0.00000000000000D+00 -0.12500000000000D+00
    kptnrm  0.10000000000000D+01
     ngfft        40   40   40
    nspden         1
   nspinor         1
       occ  0.20000000000000D+01  0.20000000000000D+01  0.20000000000000D+01
            0.20000000000000D+01
     rprim  0.00000000000000D+00  0.50000000000000D+00  0.50000000000000D+00
            0.50000000000000D+00  0.00000000000000D+00  0.50000000000000D+00
            0.50000000000000D+00  0.50000000000000D+00  0.00000000000000D+00
  dfpt_sciss  0.00000000000000D+00
    spinat  0.00000000000000D+00  0.00000000000000D+00  0.00000000000000D+00
            0.00000000000000D+00  0.00000000000000D+00  0.00000000000000D+00
    symafm         1    1    1    1    1    1    1    1    1    1    1    1
                   1    1    1    1    1    1    1    1    1    1    1    1
    symrel         1    0    0    0    1    0    0    0    1
                   0   -1    1    0   -1    0    1   -1    0
                  -1    0    0   -1    0    1   -1    1    0
                   0    1   -1    1    0   -1    0    0   -1
                  -1    0    0   -1    1    0   -1    0    1
                   0   -1    1    1   -1    0    0   -1    0
                   1    0    0    0    0    1    0    1    0
                   0    1   -1    0    0   -1    1    0   -1
                  -1    0    1   -1    1    0   -1    0    0
                   0   -1    0    1   -1    0    0   -1    1
                   1    0   -1    0    0   -1    0    1   -1
                   0    1    0    0    0    1    1    0    0
                   1    0   -1    0    1   -1    0    0   -1
                   0   -1    0    0   -1    1    1   -1    0
                  -1    0    1   -1    0    0   -1    1    0
                   0    1    0    1    0    0    0    0    1
                   0    0   -1    0    1   -1    1    0   -1
                   1   -1    0    0   -1    1    0   -1    0
                   0    0    1    1    0    0    0    1    0
                  -1    1    0   -1    0    0   -1    0    1
                   0    0    1    0    1    0    1    0    0
                   1   -1    0    0   -1    0    0   -1    1
                   0    0   -1    1    0   -1    0    1   -1
                  -1    1    0   -1    0    1   -1    0    0
     tnons  0.00000000000000D+00  0.00000000000000D+00  0.00000000000000D+00
            0.00000000000000D+00  0.00000000000000D+00  0.00000000000000D+00
            0.00000000000000D+00  0.00000000000000D+00  0.00000000000000D+00
            0.00000000000000D+00  0.00000000000000D+00  0.00000000000000D+00
            0.00000000000000D+00  0.00000000000000D+00  0.00000000000000D+00
            0.00000000000000D+00  0.00000000000000D+00  0.00000000000000D+00
            0.00000000000000D+00  0.00000000000000D+00  0.00000000000000D+00
            0.00000000000000D+00  0.00000000000000D+00  0.00000000000000D+00
            0.00000000000000D+00  0.00000000000000D+00  0.00000000000000D+00
            0.00000000000000D+00  0.00000000000000D+00  0.00000000000000D+00
            0.00000000000000D+00  0.00000000000000D+00  0.00000000000000D+00
            0.00000000000000D+00  0.00000000000000D+00  0.00000000000000D+00
            0.00000000000000D+00  0.00000000000000D+00  0.00000000000000D+00
            0.00000000000000D+00  0.00000000000000D+00  0.00000000000000D+00
            0.00000000000000D+00  0.00000000000000D+00  0.00000000000000D+00
            0.00000000000000D+00  0.00000000000000D+00  0.00000000000000D+00
            0.00000000000000D+00  0.00000000000000D+00  0.00000000000000D+00
            0.00000000000000D+00  0.00000000000000D+00  0.00000000000000D+00
            0.00000000000000D+00  0.00000000000000D+00  0.00000000000000D+00
            0.00000000000000D+00  0.00000000000000D+00  0.00000000000000D+00
            0.00000000000000D+00  0.00000000000000D+00  0.00000000000000D+00
            0.00000000000000D+00  0.00000000000000D+00  0.00000000000000D+00
            0.00000000000000D+00  0.00000000000000D+00  0.00000000000000D+00
            0.00000000000000D+00  0.00000000000000D+00  0.00000000000000D+00
    tolwfr  0.10000000000000D+01
   tphysel  0.00000000000000D+00
    tsmear  0.10000000000000D-01
     typat         1    2
       wtk  0.39062500000000D-02  0.39062500000000D-02  0.39062500000000D-02
            0.39062500000000D-02  0.39062500000000D-02  0.39062500000000D-02
            0.39062500000000D-02  0.39062500000000D-02  0.39062500000000D-02
            0.39062500000000D-02  0.39062500000000D-02  0.39062500000000D-02
            0.39062500000000D-02  0.39062500000000D-02  0.39062500000000D-02
            0.39062500000000D-02  0.39062500000000D-02  0.39062500000000D-02
            0.39062500000000D-02  0.39062500000000D-02  0.39062500000000D-02
            0.39062500000000D-02  0.39062500000000D-02  0.39062500000000D-02
            0.39062500000000D-02  0.39062500000000D-02  0.39062500000000D-02
            0.39062500000000D-02  0.39062500000000D-02  0.39062500000000D-02
            0.39062500000000D-02  0.39062500000000D-02  0.39062500000000D-02
            0.39062500000000D-02  0.39062500000000D-02  0.39062500000000D-02
            0.39062500000000D-02  0.39062500000000D-02  0.39062500000000D-02
            0.39062500000000D-02  0.39062500000000D-02  0.39062500000000D-02
            0.39062500000000D-02  0.39062500000000D-02  0.39062500000000D-02
            0.39062500000000D-02  0.39062500000000D-02  0.39062500000000D-02
            0.39062500000000D-02  0.39062500000000D-02  0.39062500000000D-02
            0.39062500000000D-02  0.39062500000000D-02  0.39062500000000D-02
            0.39062500000000D-02  0.39062500000000D-02  0.39062500000000D-02
            0.39062500000000D-02  0.39062500000000D-02  0.39062500000000D-02
            0.39062500000000D-02  0.39062500000000D-02  0.39062500000000D-02
            0.39062500000000D-02  0.39062500000000D-02  0.39062500000000D-02
            0.39062500000000D-02  0.39062500000000D-02  0.39062500000000D-02
            0.39062500000000D-02  0.39062500000000D-02  0.39062500000000D-02
            0.39062500000000D-02  0.39062500000000D-02  0.39062500000000D-02
            0.39062500000000D-02  0.39062500000000D-02  0.39062500000000D-02
            0.39062500000000D-02  0.39062500000000D-02  0.39062500000000D-02
            0.39062500000000D-02  0.39062500000000D-02  0.39062500000000D-02
            0.39062500000000D-02  0.39062500000000D-02  0.39062500000000D-02
            0.39062500000000D-02  0.39062500000000D-02  0.39062500000000D-02
            0.39062500000000D-02  0.39062500000000D-02  0.39062500000000D-02
            0.39062500000000D-02  0.39062500000000D-02  0.39062500000000D-02
            0.39062500000000D-02  0.39062500000000D-02  0.39062500000000D-02
            0.39062500000000D-02  0.39062500000000D-02  0.39062500000000D-02
            0.39062500000000D-02  0.39062500000000D-02  0.39062500000000D-02
            0.39062500000000D-02  0.39062500000000D-02  0.39062500000000D-02
            0.39062500000000D-02  0.39062500000000D-02  0.39062500000000D-02
            0.39062500000000D-02  0.39062500000000D-02  0.39062500000000D-02
            0.39062500000000D-02  0.39062500000000D-02  0.39062500000000D-02
            0.39062500000000D-02  0.39062500000000D-02  0.39062500000000D-02
            0.39062500000000D-02  0.39062500000000D-02  0.39062500000000D-02
            0.39062500000000D-02  0.39062500000000D-02  0.39062500000000D-02
            0.39062500000000D-02  0.39062500000000D-02  0.39062500000000D-02
            0.39062500000000D-02  0.39062500000000D-02  0.39062500000000D-02
            0.39062500000000D-02  0.39062500000000D-02  0.39062500000000D-02
            0.39062500000000D-02  0.39062500000000D-02  0.39062500000000D-02
            0.39062500000000D-02  0.39062500000000D-02  0.39062500000000D-02
            0.39062500000000D-02  0.39062500000000D-02  0.39062500000000D-02
            0.39062500000000D-02  0.39062500000000D-02  0.39062500000000D-02
            0.39062500000000D-02  0.39062500000000D-02  0.39062500000000D-02
            0.39062500000000D-02  0.39062500000000D-02  0.39062500000000D-02
            0.39062500000000D-02  0.39062500000000D-02  0.39062500000000D-02
            0.39062500000000D-02  0.39062500000000D-02  0.39062500000000D-02
            0.39062500000000D-02  0.39062500000000D-02  0.39062500000000D-02
            0.39062500000000D-02  0.39062500000000D-02  0.39062500000000D-02
            0.39062500000000D-02  0.39062500000000D-02  0.39062500000000D-02
            0.39062500000000D-02  0.39062500000000D-02  0.39062500000000D-02
            0.39062500000000D-02  0.39062500000000D-02  0.39062500000000D-02
            0.39062500000000D-02  0.39062500000000D-02  0.39062500000000D-02
            0.39062500000000D-02  0.39062500000000D-02  0.39062500000000D-02
            0.39062500000000D-02  0.39062500000000D-02  0.39062500000000D-02
            0.39062500000000D-02  0.39062500000000D-02  0.39062500000000D-02
            0.39062500000000D-02  0.39062500000000D-02  0.39062500000000D-02
            0.39062500000000D-02  0.39062500000000D-02  0.39062500000000D-02
            0.39062500000000D-02  0.39062500000000D-02  0.39062500000000D-02
            0.39062500000000D-02  0.39062500000000D-02  0.39062500000000D-02
            0.39062500000000D-02  0.39062500000000D-02  0.39062500000000D-02
            0.39062500000000D-02  0.39062500000000D-02  0.39062500000000D-02
            0.39062500000000D-02  0.39062500000000D-02  0.39062500000000D-02
            0.39062500000000D-02  0.39062500000000D-02  0.39062500000000D-02
            0.39062500000000D-02  0.39062500000000D-02  0.39062500000000D-02
            0.39062500000000D-02  0.39062500000000D-02  0.39062500000000D-02
            0.39062500000000D-02  0.39062500000000D-02  0.39062500000000D-02
            0.39062500000000D-02  0.39062500000000D-02  0.39062500000000D-02
            0.39062500000000D-02  0.39062500000000D-02  0.39062500000000D-02
            0.39062500000000D-02  0.39062500000000D-02  0.39062500000000D-02
            0.39062500000000D-02  0.39062500000000D-02  0.39062500000000D-02
            0.39062500000000D-02  0.39062500000000D-02  0.39062500000000D-02
            0.39062500000000D-02  0.39062500000000D-02  0.39062500000000D-02
            0.39062500000000D-02  0.39062500000000D-02  0.39062500000000D-02
            0.39062500000000D-02  0.39062500000000D-02  0.39062500000000D-02
            0.39062500000000D-02  0.39062500000000D-02  0.39062500000000D-02
            0.39062500000000D-02  0.39062500000000D-02  0.39062500000000D-02
            0.39062500000000D-02  0.39062500000000D-02  0.39062500000000D-02
            0.39062500000000D-02  0.39062500000000D-02  0.39062500000000D-02
            0.39062500000000D-02
      xred  0.00000000000000D+00  0.00000000000000D+00  0.00000000000000D+00
            0.25000000000000D+00  0.25000000000000D+00  0.25000000000000D+00
     znucl  0.49000000000000D+02  0.51000000000000D+02
      zion  0.30000000000000D+01  0.50000000000000D+01
 
  Description of the potentials (KB energies)
  vrsio8 (for pseudopotentials)=100401
  usepaw =  0
  dimekb =  9       lmnmax=  9
  Atom type=    1   pspso=  0   nekb=   6
  iln lpsang iproj  ekb(:)
     1     0     1    -8.7282196E-01  0.0000000E+00  0.0000000E+00  0.0000000E+00
                       0.0000000E+00  0.0000000E+00
     2     0     2     0.0000000E+00 -2.4892500E-01  0.0000000E+00  0.0000000E+00
                       0.0000000E+00  0.0000000E+00
     3     0     3     0.0000000E+00  0.0000000E+00  2.0635928E+00  0.0000000E+00
                       0.0000000E+00  0.0000000E+00
     4     1     1     0.0000000E+00  0.0000000E+00  0.0000000E+00 -1.3507978E+00
                       0.0000000E+00  0.0000000E+00
     5     1     2     0.0000000E+00  0.0000000E+00  0.0000000E+00  0.0000000E+00
                       1.7258150E+00  0.0000000E+00
     6     2     1     0.0000000E+00  0.0000000E+00  0.0000000E+00  0.0000000E+00
                       1.7258150E+00  0.0000000E+00
  Atom type=    2   pspso=  0   nekb=   6
  iln lpsang iproj  ekb(:)
     1     0     1    -7.7842367E-01  0.0000000E+00  0.0000000E+00  0.0000000E+00
                       0.0000000E+00  0.0000000E+00
     2     0     2     0.0000000E+00  2.0034050E-01  0.0000000E+00  0.0000000E+00
                       0.0000000E+00  0.0000000E+00
     3     0     3     0.0000000E+00  0.0000000E+00  1.4881277E+00  0.0000000E+00
                       0.0000000E+00  0.0000000E+00
     4     1     1     0.0000000E+00  0.0000000E+00  0.0000000E+00 -4.7972705E-01
                       0.0000000E+00  0.0000000E+00
     5     1     2     0.0000000E+00  0.0000000E+00  0.0000000E+00  0.0000000E+00
                       9.6944461E-01  0.0000000E+00
     6     2     1     0.0000000E+00  0.0000000E+00  0.0000000E+00  0.0000000E+00
                       9.6944461E-01  0.0000000E+00
 
 **** Database of total energy derivatives ****
 Number of data blocks=    1

 2nd derivatives (non-stat.)  - # elements :      36
 qpt  5.00000000E-01  0.00000000E+00  0.00000000E+00   1.0
   1   1   1   1  0.62421317188880D+01 -0.10096167448389D-10
   1   1   2   1  0.25352885096180D+01  0.00000000000000D+00
   1   1   3   1  0.25352885096180D+01  0.00000000000000D+00
   1   1   1   2 -0.86673643449226D+00  0.38447278108004D-10
   1   1   2   2 -0.24565054057454D+01 -0.82409285054716D-15
   1   1   3   2 -0.24565054057454D+01 -0.81158459897718D-15
   2   1   1   1  0.25352885096180D+01  0.00000000000000D+00
   2   1   2   1  0.50705770192360D+01  0.00000000000000D+00
   2   1   3   1  0.25352885096180D+01  0.00000000000000D+00
   2   1   1   2 -0.24565054057454D+01 -0.82409285054766D-15
   2   1   2   2 -0.49130108114908D+01 -0.16418335873326D-14
   2   1   3   2 -0.24565054057454D+01 -0.82279298971776D-15
   3   1   1   1  0.25352885096180D+01  0.00000000000000D+00
   3   1   2   1  0.25352885096180D+01  0.00000000000000D+00
   3   1   3   1  0.50705770192360D+01  0.00000000000000D+00
   3   1   1   2 -0.24565054057454D+01 -0.81158459897751D-15
   3   1   2   2 -0.24565054057454D+01 -0.82279298971776D-15
   3   1   3   2 -0.49130108114908D+01 -0.16564369011425D-14
   1   2   1   1 -0.86673639303699D+00 -0.40663379203631D-10
   1   2   2   1 -0.24565054079812D+01 -0.60153476718358D-15
   1   2   3   1 -0.24565054079812D+01 -0.61404301875363D-15
   1   2   1   2  0.66832639268675D+01  0.32474927207882D-11
   1   2   2   2  0.28002179814187D+01  0.00000000000000D+00
   1   2   3   2  0.28002179814187D+01  0.00000000000000D+00
   2   2   1   1 -0.24565054079812D+01 -0.60153476718412D-15
   2   2   2   1 -0.49130108159624D+01 -0.12094216481303D-14
   2   2   3   1 -0.24565054079812D+01 -0.60283462801370D-15
   2   2   1   2  0.28002179814187D+01  0.00000000000000D+00
   2   2   2   2  0.56004359628373D+01  0.00000000000000D+00
   2   2   3   2  0.28002179814187D+01  0.00000000000000D+00
   3   2   1   1 -0.24565054079812D+01 -0.61404301875405D-15
   3   2   2   1 -0.24565054079812D+01 -0.60283462801370D-15
   3   2   3   1 -0.49130108159624D+01 -0.11948183343204D-14
   3   2   1   2  0.28002179814187D+01  0.00000000000000D+00
   3   2   2   2  0.28002179814187D+01  0.00000000000000D+00
   3   2   3   2  0.56004359628374D+01  0.00000000000000D+00
