
 **** DERIVATIVE DATABASE ****    
+DDB, Version number    100401

  Note : temporary (transfer) database

    usepaw         0
     natom         2
      nkpt       128
    nsppol         1
      nsym        24
    ntypat         2
    occopt         1
     nband         4
     acell  0.11992657950000D+02  0.11992657950000D+02  0.11992657950000D+02
       amu  0.11482000000000D+03  0.12175300000000D+03
   dilatmx  0.10000000000000D+01
      ecut  0.25000000000000D+02
    ecutsm  0.00000000000000D+00
     intxc         0
      iscf         7
       ixc         1
       kpt -0.12500000000000D+00 -0.25000000000000D+00  0.00000000000000D+00
           -0.25000000000000D+00 -0.12500000000000D+00  0.00000000000000D+00
           -0.12500000000000D+00 -0.12500000000000D+00  0.12500000000000D+00
           -0.12500000000000D+00  0.50000000000000D+00  0.00000000000000D+00
           -0.25000000000000D+00 -0.37500000000000D+00  0.00000000000000D+00
           -0.12500000000000D+00 -0.37500000000000D+00  0.12500000000000D+00
           -0.37500000000000D+00 -0.25000000000000D+00  0.00000000000000D+00
           -0.25000000000000D+00 -0.25000000000000D+00  0.12500000000000D+00
           -0.12500000000000D+00 -0.25000000000000D+00  0.25000000000000D+00
            0.50000000000000D+00 -0.12500000000000D+00  0.00000000000000D+00
           -0.37500000000000D+00 -0.12500000000000D+00  0.12500000000000D+00
           -0.25000000000000D+00 -0.12500000000000D+00  0.25000000000000D+00
           -0.12500000000000D+00 -0.12500000000000D+00  0.37500000000000D+00
           -0.12500000000000D+00  0.25000000000000D+00  0.00000000000000D+00
           -0.25000000000000D+00  0.37500000000000D+00  0.00000000000000D+00
           -0.12500000000000D+00  0.37500000000000D+00  0.12500000000000D+00
           -0.37500000000000D+00  0.50000000000000D+00  0.00000000000000D+00
           -0.25000000000000D+00  0.50000000000000D+00  0.12500000000000D+00
           -0.12500000000000D+00  0.50000000000000D+00  0.25000000000000D+00
            0.50000000000000D+00 -0.37500000000000D+00  0.00000000000000D+00
           -0.37500000000000D+00 -0.37500000000000D+00  0.12500000000000D+00
           -0.25000000000000D+00 -0.37500000000000D+00  0.25000000000000D+00
           -0.12500000000000D+00 -0.37500000000000D+00  0.37500000000000D+00
            0.37500000000000D+00 -0.25000000000000D+00  0.00000000000000D+00
            0.50000000000000D+00 -0.25000000000000D+00  0.12500000000000D+00
           -0.37500000000000D+00 -0.25000000000000D+00  0.25000000000000D+00
           -0.25000000000000D+00 -0.25000000000000D+00  0.37500000000000D+00
           -0.12500000000000D+00 -0.25000000000000D+00  0.50000000000000D+00
            0.25000000000000D+00 -0.12500000000000D+00  0.00000000000000D+00
            0.37500000000000D+00 -0.12500000000000D+00  0.12500000000000D+00
            0.50000000000000D+00 -0.12500000000000D+00  0.25000000000000D+00
           -0.37500000000000D+00 -0.12500000000000D+00  0.37500000000000D+00
           -0.25000000000000D+00 -0.12500000000000D+00  0.50000000000000D+00
           -0.12500000000000D+00 -0.12500000000000D+00 -0.37500000000000D+00
           -0.12500000000000D+00  0.00000000000000D+00  0.00000000000000D+00
           -0.12500000000000D+00  0.12500000000000D+00  0.12500000000000D+00
           -0.25000000000000D+00  0.25000000000000D+00  0.12500000000000D+00
           -0.12500000000000D+00  0.25000000000000D+00  0.25000000000000D+00
           -0.37500000000000D+00  0.37500000000000D+00  0.12500000000000D+00
           -0.25000000000000D+00  0.37500000000000D+00  0.25000000000000D+00
           -0.12500000000000D+00  0.37500000000000D+00  0.37500000000000D+00
            0.50000000000000D+00  0.50000000000000D+00  0.12500000000000D+00
           -0.37500000000000D+00  0.50000000000000D+00  0.25000000000000D+00
           -0.25000000000000D+00  0.50000000000000D+00  0.37500000000000D+00
           -0.12500000000000D+00  0.50000000000000D+00  0.50000000000000D+00
            0.37500000000000D+00 -0.37500000000000D+00  0.12500000000000D+00
            0.50000000000000D+00 -0.37500000000000D+00  0.25000000000000D+00
           -0.37500000000000D+00 -0.37500000000000D+00  0.37500000000000D+00
           -0.25000000000000D+00 -0.37500000000000D+00  0.50000000000000D+00
           -0.12500000000000D+00 -0.37500000000000D+00 -0.37500000000000D+00
            0.25000000000000D+00 -0.25000000000000D+00  0.12500000000000D+00
            0.37500000000000D+00 -0.25000000000000D+00  0.25000000000000D+00
            0.50000000000000D+00 -0.25000000000000D+00  0.37500000000000D+00
           -0.37500000000000D+00 -0.25000000000000D+00  0.50000000000000D+00
           -0.25000000000000D+00 -0.25000000000000D+00 -0.37500000000000D+00
           -0.12500000000000D+00 -0.25000000000000D+00 -0.25000000000000D+00
            0.00000000000000D+00 -0.12500000000000D+00  0.00000000000000D+00
            0.12500000000000D+00 -0.12500000000000D+00  0.12500000000000D+00
            0.25000000000000D+00 -0.12500000000000D+00  0.25000000000000D+00
            0.37500000000000D+00 -0.12500000000000D+00  0.37500000000000D+00
            0.50000000000000D+00 -0.12500000000000D+00  0.50000000000000D+00
           -0.37500000000000D+00 -0.12500000000000D+00 -0.37500000000000D+00
           -0.25000000000000D+00 -0.12500000000000D+00 -0.25000000000000D+00
           -0.12500000000000D+00 -0.12500000000000D+00 -0.12500000000000D+00
           -0.37500000000000D+00  0.00000000000000D+00  0.00000000000000D+00
           -0.25000000000000D+00  0.00000000000000D+00  0.12500000000000D+00
           -0.12500000000000D+00  0.00000000000000D+00  0.25000000000000D+00
           -0.37500000000000D+00  0.12500000000000D+00  0.12500000000000D+00
           -0.25000000000000D+00  0.12500000000000D+00  0.25000000000000D+00
           -0.12500000000000D+00  0.12500000000000D+00  0.37500000000000D+00
            0.50000000000000D+00  0.25000000000000D+00  0.12500000000000D+00
           -0.37500000000000D+00  0.25000000000000D+00  0.25000000000000D+00
           -0.25000000000000D+00  0.25000000000000D+00  0.37500000000000D+00
           -0.12500000000000D+00  0.25000000000000D+00  0.50000000000000D+00
            0.37500000000000D+00  0.37500000000000D+00  0.12500000000000D+00
            0.50000000000000D+00  0.37500000000000D+00  0.25000000000000D+00
           -0.37500000000000D+00  0.37500000000000D+00  0.37500000000000D+00
           -0.25000000000000D+00  0.37500000000000D+00  0.50000000000000D+00
           -0.12500000000000D+00  0.37500000000000D+00 -0.37500000000000D+00
            0.25000000000000D+00  0.50000000000000D+00  0.12500000000000D+00
            0.37500000000000D+00  0.50000000000000D+00  0.25000000000000D+00
            0.50000000000000D+00  0.50000000000000D+00  0.37500000000000D+00
           -0.37500000000000D+00  0.50000000000000D+00  0.50000000000000D+00
           -0.25000000000000D+00  0.50000000000000D+00 -0.37500000000000D+00
           -0.12500000000000D+00  0.50000000000000D+00 -0.25000000000000D+00
            0.00000000000000D+00 -0.37500000000000D+00  0.00000000000000D+00
            0.12500000000000D+00 -0.37500000000000D+00  0.12500000000000D+00
            0.25000000000000D+00 -0.37500000000000D+00  0.25000000000000D+00
            0.37500000000000D+00 -0.37500000000000D+00  0.37500000000000D+00
            0.50000000000000D+00 -0.37500000000000D+00  0.50000000000000D+00
           -0.37500000000000D+00 -0.37500000000000D+00 -0.37500000000000D+00
           -0.25000000000000D+00 -0.37500000000000D+00 -0.25000000000000D+00
           -0.12500000000000D+00 -0.37500000000000D+00 -0.12500000000000D+00
            0.00000000000000D+00 -0.25000000000000D+00  0.12500000000000D+00
            0.12500000000000D+00 -0.25000000000000D+00  0.25000000000000D+00
            0.25000000000000D+00 -0.25000000000000D+00  0.37500000000000D+00
            0.37500000000000D+00 -0.25000000000000D+00  0.50000000000000D+00
            0.50000000000000D+00 -0.25000000000000D+00 -0.37500000000000D+00
           -0.37500000000000D+00 -0.25000000000000D+00 -0.25000000000000D+00
           -0.25000000000000D+00 -0.25000000000000D+00 -0.12500000000000D+00
            0.00000000000000D+00 -0.12500000000000D+00  0.25000000000000D+00
            0.12500000000000D+00 -0.12500000000000D+00  0.37500000000000D+00
            0.25000000000000D+00 -0.12500000000000D+00  0.50000000000000D+00
            0.37500000000000D+00 -0.12500000000000D+00 -0.37500000000000D+00
            0.50000000000000D+00 -0.12500000000000D+00 -0.25000000000000D+00
           -0.37500000000000D+00 -0.12500000000000D+00 -0.12500000000000D+00
            0.50000000000000D+00  0.00000000000000D+00  0.12500000000000D+00
           -0.37500000000000D+00  0.00000000000000D+00  0.25000000000000D+00
           -0.25000000000000D+00  0.00000000000000D+00  0.37500000000000D+00
           -0.12500000000000D+00  0.00000000000000D+00  0.50000000000000D+00
            0.00000000000000D+00  0.50000000000000D+00  0.12500000000000D+00
            0.00000000000000D+00 -0.37500000000000D+00  0.25000000000000D+00
            0.00000000000000D+00 -0.25000000000000D+00  0.37500000000000D+00
            0.00000000000000D+00 -0.12500000000000D+00  0.50000000000000D+00
            0.25000000000000D+00  0.00000000000000D+00  0.12500000000000D+00
            0.37500000000000D+00  0.00000000000000D+00  0.25000000000000D+00
            0.50000000000000D+00  0.00000000000000D+00  0.37500000000000D+00
           -0.37500000000000D+00  0.00000000000000D+00  0.50000000000000D+00
           -0.25000000000000D+00  0.00000000000000D+00 -0.37500000000000D+00
           -0.12500000000000D+00  0.00000000000000D+00 -0.25000000000000D+00
            0.00000000000000D+00  0.25000000000000D+00  0.12500000000000D+00
            0.00000000000000D+00  0.37500000000000D+00  0.25000000000000D+00
            0.00000000000000D+00  0.50000000000000D+00  0.37500000000000D+00
            0.00000000000000D+00 -0.37500000000000D+00  0.50000000000000D+00
            0.00000000000000D+00 -0.25000000000000D+00 -0.37500000000000D+00
            0.00000000000000D+00 -0.12500000000000D+00 -0.25000000000000D+00
            0.00000000000000D+00  0.00000000000000D+00  0.12500000000000D+00
            0.00000000000000D+00  0.00000000000000D+00  0.37500000000000D+00
    kptnrm  0.10000000000000D+01
     ngfft        40   40   40
    nspden         1
   nspinor         1
       occ  0.20000000000000D+01  0.20000000000000D+01  0.20000000000000D+01
            0.20000000000000D+01
     rprim  0.00000000000000D+00  0.50000000000000D+00  0.50000000000000D+00
            0.50000000000000D+00  0.00000000000000D+00  0.50000000000000D+00
            0.50000000000000D+00  0.50000000000000D+00  0.00000000000000D+00
  dfpt_sciss  0.00000000000000D+00
    spinat  0.00000000000000D+00  0.00000000000000D+00  0.00000000000000D+00
            0.00000000000000D+00  0.00000000000000D+00  0.00000000000000D+00
    symafm         1    1    1    1    1    1    1    1    1    1    1    1
                   1    1    1    1    1    1    1    1    1    1    1    1
    symrel         1    0    0    0    1    0    0    0    1
                   0   -1    1    0   -1    0    1   -1    0
                  -1    0    0   -1    0    1   -1    1    0
                   0    1   -1    1    0   -1    0    0   -1
                  -1    0    0   -1    1    0   -1    0    1
                   0   -1    1    1   -1    0    0   -1    0
                   1    0    0    0    0    1    0    1    0
                   0    1   -1    0    0   -1    1    0   -1
                  -1    0    1   -1    1    0   -1    0    0
                   0   -1    0    1   -1    0    0   -1    1
                   1    0   -1    0    0   -1    0    1   -1
                   0    1    0    0    0    1    1    0    0
                   1    0   -1    0    1   -1    0    0   -1
                   0   -1    0    0   -1    1    1   -1    0
                  -1    0    1   -1    0    0   -1    1    0
                   0    1    0    1    0    0    0    0    1
                   0    0   -1    0    1   -1    1    0   -1
                   1   -1    0    0   -1    1    0   -1    0
                   0    0    1    1    0    0    0    1    0
                  -1    1    0   -1    0    0   -1    0    1
                   0    0    1    0    1    0    1    0    0
                   1   -1    0    0   -1    0    0   -1    1
                   0    0   -1    1    0   -1    0    1   -1
                  -1    1    0   -1    0    1   -1    0    0
     tnons  0.00000000000000D+00  0.00000000000000D+00  0.00000000000000D+00
            0.00000000000000D+00  0.00000000000000D+00  0.00000000000000D+00
            0.00000000000000D+00  0.00000000000000D+00  0.00000000000000D+00
            0.00000000000000D+00  0.00000000000000D+00  0.00000000000000D+00
            0.00000000000000D+00  0.00000000000000D+00  0.00000000000000D+00
            0.00000000000000D+00  0.00000000000000D+00  0.00000000000000D+00
            0.00000000000000D+00  0.00000000000000D+00  0.00000000000000D+00
            0.00000000000000D+00  0.00000000000000D+00  0.00000000000000D+00
            0.00000000000000D+00  0.00000000000000D+00  0.00000000000000D+00
            0.00000000000000D+00  0.00000000000000D+00  0.00000000000000D+00
            0.00000000000000D+00  0.00000000000000D+00  0.00000000000000D+00
            0.00000000000000D+00  0.00000000000000D+00  0.00000000000000D+00
            0.00000000000000D+00  0.00000000000000D+00  0.00000000000000D+00
            0.00000000000000D+00  0.00000000000000D+00  0.00000000000000D+00
            0.00000000000000D+00  0.00000000000000D+00  0.00000000000000D+00
            0.00000000000000D+00  0.00000000000000D+00  0.00000000000000D+00
            0.00000000000000D+00  0.00000000000000D+00  0.00000000000000D+00
            0.00000000000000D+00  0.00000000000000D+00  0.00000000000000D+00
            0.00000000000000D+00  0.00000000000000D+00  0.00000000000000D+00
            0.00000000000000D+00  0.00000000000000D+00  0.00000000000000D+00
            0.00000000000000D+00  0.00000000000000D+00  0.00000000000000D+00
            0.00000000000000D+00  0.00000000000000D+00  0.00000000000000D+00
            0.00000000000000D+00  0.00000000000000D+00  0.00000000000000D+00
            0.00000000000000D+00  0.00000000000000D+00  0.00000000000000D+00
    tolwfr  0.10000000000000D+01
   tphysel  0.00000000000000D+00
    tsmear  0.10000000000000D-01
     typat         1    2
       wtk  0.78125000000000D-02  0.78125000000000D-02  0.78125000000000D-02
            0.78125000000000D-02  0.78125000000000D-02  0.78125000000000D-02
            0.78125000000000D-02  0.78125000000000D-02  0.78125000000000D-02
            0.78125000000000D-02  0.78125000000000D-02  0.78125000000000D-02
            0.78125000000000D-02  0.78125000000000D-02  0.78125000000000D-02
            0.78125000000000D-02  0.78125000000000D-02  0.78125000000000D-02
            0.78125000000000D-02  0.78125000000000D-02  0.78125000000000D-02
            0.78125000000000D-02  0.78125000000000D-02  0.78125000000000D-02
            0.78125000000000D-02  0.78125000000000D-02  0.78125000000000D-02
            0.78125000000000D-02  0.78125000000000D-02  0.78125000000000D-02
            0.78125000000000D-02  0.78125000000000D-02  0.78125000000000D-02
            0.78125000000000D-02  0.78125000000000D-02  0.78125000000000D-02
            0.78125000000000D-02  0.78125000000000D-02  0.78125000000000D-02
            0.78125000000000D-02  0.78125000000000D-02  0.78125000000000D-02
            0.78125000000000D-02  0.78125000000000D-02  0.78125000000000D-02
            0.78125000000000D-02  0.78125000000000D-02  0.78125000000000D-02
            0.78125000000000D-02  0.78125000000000D-02  0.78125000000000D-02
            0.78125000000000D-02  0.78125000000000D-02  0.78125000000000D-02
            0.78125000000000D-02  0.78125000000000D-02  0.78125000000000D-02
            0.78125000000000D-02  0.78125000000000D-02  0.78125000000000D-02
            0.78125000000000D-02  0.78125000000000D-02  0.78125000000000D-02
            0.78125000000000D-02  0.78125000000000D-02  0.78125000000000D-02
            0.78125000000000D-02  0.78125000000000D-02  0.78125000000000D-02
            0.78125000000000D-02  0.78125000000000D-02  0.78125000000000D-02
            0.78125000000000D-02  0.78125000000000D-02  0.78125000000000D-02
            0.78125000000000D-02  0.78125000000000D-02  0.78125000000000D-02
            0.78125000000000D-02  0.78125000000000D-02  0.78125000000000D-02
            0.78125000000000D-02  0.78125000000000D-02  0.78125000000000D-02
            0.78125000000000D-02  0.78125000000000D-02  0.78125000000000D-02
            0.78125000000000D-02  0.78125000000000D-02  0.78125000000000D-02
            0.78125000000000D-02  0.78125000000000D-02  0.78125000000000D-02
            0.78125000000000D-02  0.78125000000000D-02  0.78125000000000D-02
            0.78125000000000D-02  0.78125000000000D-02  0.78125000000000D-02
            0.78125000000000D-02  0.78125000000000D-02  0.78125000000000D-02
            0.78125000000000D-02  0.78125000000000D-02  0.78125000000000D-02
            0.78125000000000D-02  0.78125000000000D-02  0.78125000000000D-02
            0.78125000000000D-02  0.78125000000000D-02  0.78125000000000D-02
            0.78125000000000D-02  0.78125000000000D-02  0.78125000000000D-02
            0.78125000000000D-02  0.78125000000000D-02  0.78125000000000D-02
            0.78125000000000D-02  0.78125000000000D-02  0.78125000000000D-02
            0.78125000000000D-02  0.78125000000000D-02  0.78125000000000D-02
            0.78125000000000D-02  0.78125000000000D-02  0.78125000000000D-02
            0.78125000000000D-02  0.78125000000000D-02
      xred  0.00000000000000D+00  0.00000000000000D+00  0.00000000000000D+00
            0.25000000000000D+00  0.25000000000000D+00  0.25000000000000D+00
     znucl  0.49000000000000D+02  0.51000000000000D+02
      zion  0.30000000000000D+01  0.50000000000000D+01
 
  Description of the potentials (KB energies)
  vrsio8 (for pseudopotentials)=100401
  usepaw =  0
  dimekb =  9       lmnmax=  9
  Atom type=    1   pspso=  0   nekb=   6
  iln lpsang iproj  ekb(:)
     1     0     1    -8.7282196E-01  0.0000000E+00  0.0000000E+00  0.0000000E+00
                       0.0000000E+00  0.0000000E+00
     2     0     2     0.0000000E+00 -2.4892500E-01  0.0000000E+00  0.0000000E+00
                       0.0000000E+00  0.0000000E+00
     3     0     3     0.0000000E+00  0.0000000E+00  2.0635928E+00  0.0000000E+00
                       0.0000000E+00  0.0000000E+00
     4     1     1     0.0000000E+00  0.0000000E+00  0.0000000E+00 -1.3507978E+00
                       0.0000000E+00  0.0000000E+00
     5     1     2     0.0000000E+00  0.0000000E+00  0.0000000E+00  0.0000000E+00
                       1.7258150E+00  0.0000000E+00
     6     2     1     0.0000000E+00  0.0000000E+00  0.0000000E+00  0.0000000E+00
                       1.7258150E+00  0.0000000E+00
  Atom type=    2   pspso=  0   nekb=   6
  iln lpsang iproj  ekb(:)
     1     0     1    -7.7842367E-01  0.0000000E+00  0.0000000E+00  0.0000000E+00
                       0.0000000E+00  0.0000000E+00
     2     0     2     0.0000000E+00  2.0034050E-01  0.0000000E+00  0.0000000E+00
                       0.0000000E+00  0.0000000E+00
     3     0     3     0.0000000E+00  0.0000000E+00  1.4881277E+00  0.0000000E+00
                       0.0000000E+00  0.0000000E+00
     4     1     1     0.0000000E+00  0.0000000E+00  0.0000000E+00 -4.7972705E-01
                       0.0000000E+00  0.0000000E+00
     5     1     2     0.0000000E+00  0.0000000E+00  0.0000000E+00  0.0000000E+00
                       9.6944461E-01  0.0000000E+00
     6     2     1     0.0000000E+00  0.0000000E+00  0.0000000E+00  0.0000000E+00
                       9.6944461E-01  0.0000000E+00
 
 **** Database of total energy derivatives ****
 Number of data blocks=    1

 2nd derivatives (non-stat.)  - # elements :      81
 qpt  0.00000000E+00  0.00000000E+00  0.00000000E+00   1.0
   1   1   1   1  0.53825447352390D+01  0.00000000000000D+00
   1   1   2   1  0.26912723676195D+01  0.00000000000000D+00
   1   1   3   1  0.26912723676195D+01  0.00000000000000D+00
   1   1   1   2 -0.53825378544793D+01 -0.55718739654733D-17
   1   1   2   2 -0.26912689272397D+01 -0.18154419592217D-16
   1   1   3   2 -0.26912689272397D+01 -0.11808488135868D-16
   1   1   1   4 -0.59711372359872D+01  0.00000000000000D+00
   1   1   2   4  0.17658673774932D-16  0.00000000000000D+00
   1   1   3   4  0.14748255333276D-16  0.00000000000000D+00
   2   1   1   1  0.26912723676195D+01  0.00000000000000D+00
   2   1   2   1  0.53825447352389D+01  0.00000000000000D+00
   2   1   3   1  0.26912723676195D+01  0.00000000000000D+00
   2   1   1   2 -0.26912689272397D+01 -0.18154419592217D-16
   2   1   2   2 -0.53825378544793D+01  0.64996109187297D-17
   2   1   3   2 -0.26912689272397D+01  0.18491995276101D-16
   2   1   1   4  0.37007434154172D-16  0.00000000000000D+00
   2   1   2   4 -0.59711372359872D+01  0.00000000000000D+00
   2   1   3   4  0.21251915474453D-16  0.00000000000000D+00
   3   1   1   1  0.26912723676195D+01  0.00000000000000D+00
   3   1   2   1  0.26912723676195D+01  0.00000000000000D+00
   3   1   3   1  0.53825447352390D+01  0.00000000000000D+00
   3   1   1   2 -0.26912689272397D+01 -0.11808488135868D-16
   3   1   2   2 -0.26912689272397D+01  0.18491995276101D-16
   3   1   3   2 -0.53825378544793D+01  0.52691285760126D-17
   3   1   1   4  0.00000000000000D+00  0.00000000000000D+00
   3   1   2   4 -0.11104143128991D-16  0.00000000000000D+00
   3   1   3   4 -0.59711372359872D+01  0.00000000000000D+00
   1   2   1   1 -0.53825378962928D+01  0.55718739654733D-17
   1   2   2   1 -0.26912689481464D+01  0.18154419592217D-16
   1   2   3   1 -0.26912689481464D+01  0.11808488135868D-16
   1   2   1   2  0.53825373507214D+01  0.00000000000000D+00
   1   2   2   2  0.26912686753606D+01  0.00000000000000D+00
   1   2   3   2  0.26912686753607D+01  0.00000000000000D+00
   1   2   1   4 -0.45634328433094D+02  0.00000000000000D+00
   1   2   2   4  0.73356661945508D-16  0.00000000000000D+00
   1   2   3   4 -0.28740350237323D-15  0.00000000000000D+00
   2   2   1   1 -0.26912689481464D+01  0.18154419592217D-16
   2   2   2   1 -0.53825378962928D+01 -0.64996109187297D-17
   2   2   3   1 -0.26912689481464D+01 -0.18491995276101D-16
   2   2   1   2  0.26912686753607D+01  0.00000000000000D+00
   2   2   2   2  0.53825373507214D+01  0.00000000000000D+00
   2   2   3   2  0.26912686753607D+01  0.00000000000000D+00
   2   2   1   4  0.00000000000000D+00  0.00000000000000D+00
   2   2   2   4 -0.45634328433094D+02  0.00000000000000D+00
   2   2   3   4  0.50587278122790D-16  0.00000000000000D+00
   3   2   1   1 -0.26912689481464D+01  0.11808488135868D-16
   3   2   2   1 -0.26912689481464D+01 -0.18491995276101D-16
   3   2   3   1 -0.53825378962928D+01 -0.52691285760126D-17
   3   2   1   2  0.26912686753607D+01  0.00000000000000D+00
   3   2   2   2  0.26912686753607D+01  0.00000000000000D+00
   3   2   3   2  0.53825373507213D+01  0.00000000000000D+00
   3   2   1   4  0.29605947323338D-15  0.00000000000000D+00
   3   2   2   4  0.40081352012797D-16  0.00000000000000D+00
   3   2   3   4 -0.45634328433094D+02  0.00000000000000D+00
   1   4   1   1 -0.59711378392100D+01  0.00000000000000D+00
   1   4   2   1 -0.37007434154172D-16  0.00000000000000D+00
   1   4   3   1  0.00000000000000D+00  0.00000000000000D+00
   1   4   1   2 -0.45634327371188D+02  0.00000000000000D+00
   1   4   2   2  0.29605947323338D-15  0.00000000000000D+00
   1   4   3   2  0.00000000000000D+00  0.00000000000000D+00
   1   4   1   4 -0.45958565529144D+03  0.00000000000000D+00
   1   4   2   4  0.15319521843048D+03  0.00000000000000D+00
   1   4   3   4  0.15319521843048D+03  0.00000000000000D+00
   2   4   1   1  0.38910598072644D-16  0.00000000000000D+00
   2   4   2   1 -0.59711378392100D+01  0.00000000000000D+00
   2   4   3   1 -0.11104138717361D-16  0.00000000000000D+00
   2   4   1   2 -0.17211552434182D-15  0.00000000000000D+00
   2   4   2   2 -0.45634327371188D+02  0.00000000000000D+00
   2   4   3   2  0.40081352012797D-16  0.00000000000000D+00
   2   4   1   4  0.15319521843048D+03  0.00000000000000D+00
   2   4   2   4 -0.45958565529144D+03  0.00000000000000D+00
   2   4   3   4  0.15319521843048D+03  0.00000000000000D+00
   3   4   1   1  0.13852345937987D-16  0.00000000000000D+00
   3   4   2   1  0.41607921553616D-16  0.00000000000000D+00
   3   4   3   1 -0.59711378392100D+01  0.00000000000000D+00
   3   4   1   2  0.12152823739577D-15  0.00000000000000D+00
   3   4   2   2  0.21404682278120D-15  0.00000000000000D+00
   3   4   3   2 -0.45634327371188D+02  0.00000000000000D+00
   3   4   1   4  0.15319521843048D+03  0.00000000000000D+00
   3   4   2   4  0.15319521843048D+03  0.00000000000000D+00
   3   4   3   4 -0.45958565529144D+03  0.00000000000000D+00
