
 **** DERIVATIVE DATABASE ****    
+DDB, Version number    100401

  Note : temporary (transfer) database

    usepaw         0
     natom         2
      nkpt       432
    nsppol         1
      nsym        24
    ntypat         2
    occopt         1
     nband         4
     acell  0.11993541055000D+02  0.11993541055000D+02  0.11993541055000D+02
       amu  0.11482000000000D+03  0.12175300000000D+03
   dilatmx  0.10000000000000D+01
      ecut  0.25000000000000D+02
    ecutsm  0.00000000000000D+00
     intxc         0
      iscf         7
       ixc         1
       kpt -0.83333333333334D-01 -0.16666666666667D+00  0.00000000000000D+00
           -0.16666666666667D+00 -0.83333333333334D-01  0.00000000000000D+00
           -0.83333333333334D-01 -0.83333333333334D-01  0.83333333333333D-01
           -0.83333333333334D-01 -0.33333333333333D+00  0.00000000000000D+00
           -0.16666666666667D+00 -0.25000000000000D+00  0.00000000000000D+00
           -0.83333333333334D-01 -0.25000000000000D+00  0.83333333333333D-01
           -0.25000000000000D+00 -0.16666666666667D+00  0.00000000000000D+00
           -0.16666666666667D+00 -0.16666666666667D+00  0.83333333333333D-01
           -0.83333333333334D-01 -0.16666666666667D+00  0.16666666666667D+00
           -0.33333333333333D+00 -0.83333333333334D-01  0.00000000000000D+00
           -0.25000000000000D+00 -0.83333333333334D-01  0.83333333333333D-01
           -0.16666666666667D+00 -0.83333333333334D-01  0.16666666666667D+00
           -0.83333333333334D-01 -0.83333333333334D-01  0.25000000000000D+00
           -0.83333333333334D-01  0.50000000000000D+00  0.00000000000000D+00
           -0.16666666666667D+00 -0.41666666666667D+00  0.00000000000000D+00
           -0.83333333333334D-01 -0.41666666666667D+00  0.83333333333333D-01
           -0.25000000000000D+00 -0.33333333333333D+00  0.00000000000000D+00
           -0.16666666666667D+00 -0.33333333333333D+00  0.83333333333333D-01
           -0.83333333333334D-01 -0.33333333333333D+00  0.16666666666667D+00
           -0.33333333333333D+00 -0.25000000000000D+00  0.00000000000000D+00
           -0.25000000000000D+00 -0.25000000000000D+00  0.83333333333333D-01
           -0.16666666666667D+00 -0.25000000000000D+00  0.16666666666667D+00
           -0.83333333333334D-01 -0.25000000000000D+00  0.25000000000000D+00
           -0.41666666666667D+00 -0.16666666666667D+00  0.00000000000000D+00
           -0.33333333333333D+00 -0.16666666666667D+00  0.83333333333333D-01
           -0.25000000000000D+00 -0.16666666666667D+00  0.16666666666667D+00
           -0.16666666666667D+00 -0.16666666666667D+00  0.25000000000000D+00
           -0.83333333333334D-01 -0.16666666666667D+00  0.33333333333333D+00
            0.50000000000000D+00 -0.83333333333334D-01  0.00000000000000D+00
           -0.41666666666667D+00 -0.83333333333334D-01  0.83333333333333D-01
           -0.33333333333333D+00 -0.83333333333334D-01  0.16666666666667D+00
           -0.25000000000000D+00 -0.83333333333334D-01  0.25000000000000D+00
           -0.16666666666667D+00 -0.83333333333334D-01  0.33333333333333D+00
           -0.83333333333334D-01 -0.83333333333334D-01  0.41666666666667D+00
           -0.83333333333334D-01  0.33333333333333D+00  0.00000000000000D+00
           -0.16666666666667D+00  0.41666666666667D+00  0.00000000000000D+00
           -0.83333333333334D-01  0.41666666666667D+00  0.83333333333333D-01
           -0.25000000000000D+00  0.50000000000000D+00  0.00000000000000D+00
           -0.16666666666667D+00  0.50000000000000D+00  0.83333333333333D-01
           -0.83333333333334D-01  0.50000000000000D+00  0.16666666666667D+00
           -0.33333333333333D+00 -0.41666666666667D+00  0.00000000000000D+00
           -0.25000000000000D+00 -0.41666666666667D+00  0.83333333333333D-01
           -0.16666666666667D+00 -0.41666666666667D+00  0.16666666666667D+00
           -0.83333333333334D-01 -0.41666666666667D+00  0.25000000000000D+00
           -0.41666666666667D+00 -0.33333333333333D+00  0.00000000000000D+00
           -0.33333333333333D+00 -0.33333333333333D+00  0.83333333333333D-01
           -0.25000000000000D+00 -0.33333333333333D+00  0.16666666666667D+00
           -0.16666666666667D+00 -0.33333333333333D+00  0.25000000000000D+00
           -0.83333333333334D-01 -0.33333333333333D+00  0.33333333333333D+00
            0.50000000000000D+00 -0.25000000000000D+00  0.00000000000000D+00
           -0.41666666666667D+00 -0.25000000000000D+00  0.83333333333333D-01
           -0.33333333333333D+00 -0.25000000000000D+00  0.16666666666667D+00
           -0.25000000000000D+00 -0.25000000000000D+00  0.25000000000000D+00
           -0.16666666666667D+00 -0.25000000000000D+00  0.33333333333333D+00
           -0.83333333333334D-01 -0.25000000000000D+00  0.41666666666667D+00
            0.41666666666667D+00 -0.16666666666667D+00  0.00000000000000D+00
            0.50000000000000D+00 -0.16666666666667D+00  0.83333333333333D-01
           -0.41666666666667D+00 -0.16666666666667D+00  0.16666666666667D+00
           -0.33333333333333D+00 -0.16666666666667D+00  0.25000000000000D+00
           -0.25000000000000D+00 -0.16666666666667D+00  0.33333333333333D+00
           -0.16666666666667D+00 -0.16666666666667D+00  0.41666666666667D+00
           -0.83333333333334D-01 -0.16666666666667D+00  0.50000000000000D+00
            0.33333333333333D+00 -0.83333333333334D-01  0.00000000000000D+00
            0.41666666666667D+00 -0.83333333333334D-01  0.83333333333333D-01
            0.50000000000000D+00 -0.83333333333334D-01  0.16666666666667D+00
           -0.41666666666667D+00 -0.83333333333334D-01  0.25000000000000D+00
           -0.33333333333333D+00 -0.83333333333334D-01  0.33333333333333D+00
           -0.25000000000000D+00 -0.83333333333334D-01  0.41666666666667D+00
           -0.16666666666667D+00 -0.83333333333334D-01  0.50000000000000D+00
           -0.83333333333334D-01 -0.83333333333334D-01 -0.41666666666667D+00
           -0.83333333333334D-01  0.16666666666667D+00  0.00000000000000D+00
           -0.16666666666667D+00  0.25000000000000D+00  0.00000000000000D+00
           -0.83333333333334D-01  0.25000000000000D+00  0.83333333333333D-01
           -0.25000000000000D+00  0.33333333333333D+00  0.00000000000000D+00
           -0.16666666666667D+00  0.33333333333333D+00  0.83333333333333D-01
           -0.83333333333334D-01  0.33333333333333D+00  0.16666666666667D+00
           -0.33333333333333D+00  0.41666666666667D+00  0.00000000000000D+00
           -0.25000000000000D+00  0.41666666666667D+00  0.83333333333333D-01
           -0.16666666666667D+00  0.41666666666667D+00  0.16666666666667D+00
           -0.83333333333334D-01  0.41666666666667D+00  0.25000000000000D+00
           -0.41666666666667D+00  0.50000000000000D+00  0.00000000000000D+00
           -0.33333333333333D+00  0.50000000000000D+00  0.83333333333333D-01
           -0.25000000000000D+00  0.50000000000000D+00  0.16666666666667D+00
           -0.16666666666667D+00  0.50000000000000D+00  0.25000000000000D+00
           -0.83333333333334D-01  0.50000000000000D+00  0.33333333333333D+00
            0.50000000000000D+00 -0.41666666666667D+00  0.00000000000000D+00
           -0.41666666666667D+00 -0.41666666666667D+00  0.83333333333333D-01
           -0.33333333333333D+00 -0.41666666666667D+00  0.16666666666667D+00
           -0.25000000000000D+00 -0.41666666666667D+00  0.25000000000000D+00
           -0.16666666666667D+00 -0.41666666666667D+00  0.33333333333333D+00
           -0.83333333333334D-01 -0.41666666666667D+00  0.41666666666667D+00
            0.41666666666667D+00 -0.33333333333333D+00  0.00000000000000D+00
            0.50000000000000D+00 -0.33333333333333D+00  0.83333333333333D-01
           -0.41666666666667D+00 -0.33333333333333D+00  0.16666666666667D+00
           -0.33333333333333D+00 -0.33333333333333D+00  0.25000000000000D+00
           -0.25000000000000D+00 -0.33333333333333D+00  0.33333333333333D+00
           -0.16666666666667D+00 -0.33333333333333D+00  0.41666666666667D+00
           -0.83333333333334D-01 -0.33333333333333D+00  0.50000000000000D+00
            0.33333333333333D+00 -0.25000000000000D+00  0.00000000000000D+00
            0.41666666666667D+00 -0.25000000000000D+00  0.83333333333333D-01
            0.50000000000000D+00 -0.25000000000000D+00  0.16666666666667D+00
           -0.41666666666667D+00 -0.25000000000000D+00  0.25000000000000D+00
           -0.33333333333333D+00 -0.25000000000000D+00  0.33333333333333D+00
           -0.25000000000000D+00 -0.25000000000000D+00  0.41666666666667D+00
           -0.16666666666667D+00 -0.25000000000000D+00  0.50000000000000D+00
           -0.83333333333334D-01 -0.25000000000000D+00 -0.41666666666667D+00
            0.25000000000000D+00 -0.16666666666667D+00  0.00000000000000D+00
            0.33333333333333D+00 -0.16666666666667D+00  0.83333333333333D-01
            0.41666666666667D+00 -0.16666666666667D+00  0.16666666666667D+00
            0.50000000000000D+00 -0.16666666666667D+00  0.25000000000000D+00
           -0.41666666666667D+00 -0.16666666666667D+00  0.33333333333333D+00
           -0.33333333333333D+00 -0.16666666666667D+00  0.41666666666667D+00
           -0.25000000000000D+00 -0.16666666666667D+00  0.50000000000000D+00
           -0.16666666666667D+00 -0.16666666666667D+00 -0.41666666666667D+00
           -0.83333333333334D-01 -0.16666666666667D+00 -0.33333333333333D+00
            0.16666666666667D+00 -0.83333333333334D-01  0.00000000000000D+00
            0.25000000000000D+00 -0.83333333333334D-01  0.83333333333333D-01
            0.33333333333333D+00 -0.83333333333334D-01  0.16666666666667D+00
            0.41666666666667D+00 -0.83333333333334D-01  0.25000000000000D+00
            0.50000000000000D+00 -0.83333333333334D-01  0.33333333333333D+00
           -0.41666666666667D+00 -0.83333333333334D-01  0.41666666666667D+00
           -0.33333333333333D+00 -0.83333333333334D-01  0.50000000000000D+00
           -0.25000000000000D+00 -0.83333333333334D-01 -0.41666666666667D+00
           -0.16666666666667D+00 -0.83333333333334D-01 -0.33333333333333D+00
           -0.83333333333334D-01 -0.83333333333334D-01 -0.25000000000000D+00
           -0.83333333333334D-01  0.00000000000000D+00  0.00000000000000D+00
           -0.83333333333334D-01  0.83333333333333D-01  0.83333333333333D-01
           -0.16666666666667D+00  0.16666666666667D+00  0.83333333333333D-01
           -0.83333333333334D-01  0.16666666666667D+00  0.16666666666667D+00
           -0.25000000000000D+00  0.25000000000000D+00  0.83333333333333D-01
           -0.16666666666667D+00  0.25000000000000D+00  0.16666666666667D+00
           -0.83333333333334D-01  0.25000000000000D+00  0.25000000000000D+00
           -0.33333333333333D+00  0.33333333333333D+00  0.83333333333333D-01
           -0.25000000000000D+00  0.33333333333333D+00  0.16666666666667D+00
           -0.16666666666667D+00  0.33333333333333D+00  0.25000000000000D+00
           -0.83333333333334D-01  0.33333333333333D+00  0.33333333333333D+00
           -0.41666666666667D+00  0.41666666666667D+00  0.83333333333333D-01
           -0.33333333333333D+00  0.41666666666667D+00  0.16666666666667D+00
           -0.25000000000000D+00  0.41666666666667D+00  0.25000000000000D+00
           -0.16666666666667D+00  0.41666666666667D+00  0.33333333333333D+00
           -0.83333333333334D-01  0.41666666666667D+00  0.41666666666667D+00
            0.50000000000000D+00  0.50000000000000D+00  0.83333333333333D-01
           -0.41666666666667D+00  0.50000000000000D+00  0.16666666666667D+00
           -0.33333333333333D+00  0.50000000000000D+00  0.25000000000000D+00
           -0.25000000000000D+00  0.50000000000000D+00  0.33333333333333D+00
           -0.16666666666667D+00  0.50000000000000D+00  0.41666666666667D+00
           -0.83333333333334D-01  0.50000000000000D+00  0.50000000000000D+00
            0.41666666666667D+00 -0.41666666666667D+00  0.83333333333333D-01
            0.50000000000000D+00 -0.41666666666667D+00  0.16666666666667D+00
           -0.41666666666667D+00 -0.41666666666667D+00  0.25000000000000D+00
           -0.33333333333333D+00 -0.41666666666667D+00  0.33333333333333D+00
           -0.25000000000000D+00 -0.41666666666667D+00  0.41666666666667D+00
           -0.16666666666667D+00 -0.41666666666667D+00  0.50000000000000D+00
           -0.83333333333334D-01 -0.41666666666667D+00 -0.41666666666667D+00
            0.33333333333333D+00 -0.33333333333333D+00  0.83333333333333D-01
            0.41666666666667D+00 -0.33333333333333D+00  0.16666666666667D+00
            0.50000000000000D+00 -0.33333333333333D+00  0.25000000000000D+00
           -0.41666666666667D+00 -0.33333333333333D+00  0.33333333333333D+00
           -0.33333333333333D+00 -0.33333333333333D+00  0.41666666666667D+00
           -0.25000000000000D+00 -0.33333333333333D+00  0.50000000000000D+00
           -0.16666666666667D+00 -0.33333333333333D+00 -0.41666666666667D+00
           -0.83333333333334D-01 -0.33333333333333D+00 -0.33333333333333D+00
            0.25000000000000D+00 -0.25000000000000D+00  0.83333333333333D-01
            0.33333333333333D+00 -0.25000000000000D+00  0.16666666666667D+00
            0.41666666666667D+00 -0.25000000000000D+00  0.25000000000000D+00
            0.50000000000000D+00 -0.25000000000000D+00  0.33333333333333D+00
           -0.41666666666667D+00 -0.25000000000000D+00  0.41666666666667D+00
           -0.33333333333333D+00 -0.25000000000000D+00  0.50000000000000D+00
           -0.25000000000000D+00 -0.25000000000000D+00 -0.41666666666667D+00
           -0.16666666666667D+00 -0.25000000000000D+00 -0.33333333333333D+00
           -0.83333333333334D-01 -0.25000000000000D+00 -0.25000000000000D+00
            0.16666666666667D+00 -0.16666666666667D+00  0.83333333333333D-01
            0.25000000000000D+00 -0.16666666666667D+00  0.16666666666667D+00
            0.33333333333333D+00 -0.16666666666667D+00  0.25000000000000D+00
            0.41666666666667D+00 -0.16666666666667D+00  0.33333333333333D+00
            0.50000000000000D+00 -0.16666666666667D+00  0.41666666666667D+00
           -0.41666666666667D+00 -0.16666666666667D+00  0.50000000000000D+00
           -0.33333333333333D+00 -0.16666666666667D+00 -0.41666666666667D+00
           -0.25000000000000D+00 -0.16666666666667D+00 -0.33333333333333D+00
           -0.16666666666667D+00 -0.16666666666667D+00 -0.25000000000000D+00
           -0.83333333333334D-01 -0.16666666666667D+00 -0.16666666666667D+00
            0.00000000000000D+00 -0.83333333333334D-01  0.00000000000000D+00
            0.83333333333333D-01 -0.83333333333334D-01  0.83333333333333D-01
            0.16666666666667D+00 -0.83333333333334D-01  0.16666666666667D+00
            0.25000000000000D+00 -0.83333333333334D-01  0.25000000000000D+00
            0.33333333333333D+00 -0.83333333333334D-01  0.33333333333333D+00
            0.41666666666667D+00 -0.83333333333334D-01  0.41666666666667D+00
            0.50000000000000D+00 -0.83333333333334D-01  0.50000000000000D+00
           -0.41666666666667D+00 -0.83333333333334D-01 -0.41666666666667D+00
           -0.33333333333333D+00 -0.83333333333334D-01 -0.33333333333333D+00
           -0.25000000000000D+00 -0.83333333333334D-01 -0.25000000000000D+00
           -0.16666666666667D+00 -0.83333333333334D-01 -0.16666666666667D+00
           -0.83333333333334D-01 -0.83333333333334D-01 -0.83333333333334D-01
           -0.25000000000000D+00  0.00000000000000D+00  0.00000000000000D+00
           -0.16666666666667D+00  0.00000000000000D+00  0.83333333333333D-01
           -0.83333333333334D-01  0.00000000000000D+00  0.16666666666667D+00
           -0.25000000000000D+00  0.83333333333333D-01  0.83333333333333D-01
           -0.16666666666667D+00  0.83333333333333D-01  0.16666666666667D+00
           -0.83333333333334D-01  0.83333333333333D-01  0.25000000000000D+00
           -0.33333333333333D+00  0.16666666666667D+00  0.83333333333333D-01
           -0.25000000000000D+00  0.16666666666667D+00  0.16666666666667D+00
           -0.16666666666667D+00  0.16666666666667D+00  0.25000000000000D+00
           -0.83333333333334D-01  0.16666666666667D+00  0.33333333333333D+00
           -0.41666666666667D+00  0.25000000000000D+00  0.83333333333333D-01
           -0.33333333333333D+00  0.25000000000000D+00  0.16666666666667D+00
           -0.25000000000000D+00  0.25000000000000D+00  0.25000000000000D+00
           -0.16666666666667D+00  0.25000000000000D+00  0.33333333333333D+00
           -0.83333333333334D-01  0.25000000000000D+00  0.41666666666667D+00
            0.50000000000000D+00  0.33333333333333D+00  0.83333333333333D-01
           -0.41666666666667D+00  0.33333333333333D+00  0.16666666666667D+00
           -0.33333333333333D+00  0.33333333333333D+00  0.25000000000000D+00
           -0.25000000000000D+00  0.33333333333333D+00  0.33333333333333D+00
           -0.16666666666667D+00  0.33333333333333D+00  0.41666666666667D+00
           -0.83333333333334D-01  0.33333333333333D+00  0.50000000000000D+00
            0.41666666666667D+00  0.41666666666667D+00  0.83333333333333D-01
            0.50000000000000D+00  0.41666666666667D+00  0.16666666666667D+00
           -0.41666666666667D+00  0.41666666666667D+00  0.25000000000000D+00
           -0.33333333333333D+00  0.41666666666667D+00  0.33333333333333D+00
           -0.25000000000000D+00  0.41666666666667D+00  0.41666666666667D+00
           -0.16666666666667D+00  0.41666666666667D+00  0.50000000000000D+00
           -0.83333333333334D-01  0.41666666666667D+00 -0.41666666666667D+00
            0.33333333333333D+00  0.50000000000000D+00  0.83333333333333D-01
            0.41666666666667D+00  0.50000000000000D+00  0.16666666666667D+00
            0.50000000000000D+00  0.50000000000000D+00  0.25000000000000D+00
           -0.41666666666667D+00  0.50000000000000D+00  0.33333333333333D+00
           -0.33333333333333D+00  0.50000000000000D+00  0.41666666666667D+00
           -0.25000000000000D+00  0.50000000000000D+00  0.50000000000000D+00
           -0.16666666666667D+00  0.50000000000000D+00 -0.41666666666667D+00
           -0.83333333333334D-01  0.50000000000000D+00 -0.33333333333333D+00
            0.25000000000000D+00 -0.41666666666667D+00  0.83333333333333D-01
            0.33333333333333D+00 -0.41666666666667D+00  0.16666666666667D+00
            0.41666666666667D+00 -0.41666666666667D+00  0.25000000000000D+00
            0.50000000000000D+00 -0.41666666666667D+00  0.33333333333333D+00
           -0.41666666666667D+00 -0.41666666666667D+00  0.41666666666667D+00
           -0.33333333333333D+00 -0.41666666666667D+00  0.50000000000000D+00
           -0.25000000000000D+00 -0.41666666666667D+00 -0.41666666666667D+00
           -0.16666666666667D+00 -0.41666666666667D+00 -0.33333333333333D+00
           -0.83333333333334D-01 -0.41666666666667D+00 -0.25000000000000D+00
            0.16666666666667D+00 -0.33333333333333D+00  0.83333333333333D-01
            0.25000000000000D+00 -0.33333333333333D+00  0.16666666666667D+00
            0.33333333333333D+00 -0.33333333333333D+00  0.25000000000000D+00
            0.41666666666667D+00 -0.33333333333333D+00  0.33333333333333D+00
            0.50000000000000D+00 -0.33333333333333D+00  0.41666666666667D+00
           -0.41666666666667D+00 -0.33333333333333D+00  0.50000000000000D+00
           -0.33333333333333D+00 -0.33333333333333D+00 -0.41666666666667D+00
           -0.25000000000000D+00 -0.33333333333333D+00 -0.33333333333333D+00
           -0.16666666666667D+00 -0.33333333333333D+00 -0.25000000000000D+00
           -0.83333333333334D-01 -0.33333333333333D+00 -0.16666666666667D+00
            0.00000000000000D+00 -0.25000000000000D+00  0.00000000000000D+00
            0.83333333333333D-01 -0.25000000000000D+00  0.83333333333333D-01
            0.16666666666667D+00 -0.25000000000000D+00  0.16666666666667D+00
            0.25000000000000D+00 -0.25000000000000D+00  0.25000000000000D+00
            0.33333333333333D+00 -0.25000000000000D+00  0.33333333333333D+00
            0.41666666666667D+00 -0.25000000000000D+00  0.41666666666667D+00
            0.50000000000000D+00 -0.25000000000000D+00  0.50000000000000D+00
           -0.41666666666667D+00 -0.25000000000000D+00 -0.41666666666667D+00
           -0.33333333333333D+00 -0.25000000000000D+00 -0.33333333333333D+00
           -0.25000000000000D+00 -0.25000000000000D+00 -0.25000000000000D+00
           -0.16666666666667D+00 -0.25000000000000D+00 -0.16666666666667D+00
           -0.83333333333334D-01 -0.25000000000000D+00 -0.83333333333334D-01
            0.00000000000000D+00 -0.16666666666667D+00  0.83333333333333D-01
            0.83333333333333D-01 -0.16666666666667D+00  0.16666666666667D+00
            0.16666666666667D+00 -0.16666666666667D+00  0.25000000000000D+00
            0.25000000000000D+00 -0.16666666666667D+00  0.33333333333333D+00
            0.33333333333333D+00 -0.16666666666667D+00  0.41666666666667D+00
            0.41666666666667D+00 -0.16666666666667D+00  0.50000000000000D+00
            0.50000000000000D+00 -0.16666666666667D+00 -0.41666666666667D+00
           -0.41666666666667D+00 -0.16666666666667D+00 -0.33333333333333D+00
           -0.33333333333333D+00 -0.16666666666667D+00 -0.25000000000000D+00
           -0.25000000000000D+00 -0.16666666666667D+00 -0.16666666666667D+00
           -0.16666666666667D+00 -0.16666666666667D+00 -0.83333333333334D-01
            0.00000000000000D+00 -0.83333333333334D-01  0.16666666666667D+00
            0.83333333333333D-01 -0.83333333333334D-01  0.25000000000000D+00
            0.16666666666667D+00 -0.83333333333334D-01  0.33333333333333D+00
            0.25000000000000D+00 -0.83333333333334D-01  0.41666666666667D+00
            0.33333333333333D+00 -0.83333333333334D-01  0.50000000000000D+00
            0.41666666666667D+00 -0.83333333333334D-01 -0.41666666666667D+00
            0.50000000000000D+00 -0.83333333333334D-01 -0.33333333333333D+00
           -0.41666666666667D+00 -0.83333333333334D-01 -0.25000000000000D+00
           -0.33333333333333D+00 -0.83333333333334D-01 -0.16666666666667D+00
           -0.25000000000000D+00 -0.83333333333334D-01 -0.83333333333334D-01
           -0.41666666666667D+00  0.00000000000000D+00  0.00000000000000D+00
           -0.33333333333333D+00  0.00000000000000D+00  0.83333333333333D-01
           -0.25000000000000D+00  0.00000000000000D+00  0.16666666666667D+00
           -0.16666666666667D+00  0.00000000000000D+00  0.25000000000000D+00
           -0.83333333333334D-01  0.00000000000000D+00  0.33333333333333D+00
           -0.41666666666667D+00  0.83333333333333D-01  0.83333333333333D-01
           -0.33333333333333D+00  0.83333333333333D-01  0.16666666666667D+00
           -0.25000000000000D+00  0.83333333333333D-01  0.25000000000000D+00
           -0.16666666666667D+00  0.83333333333333D-01  0.33333333333333D+00
           -0.83333333333334D-01  0.83333333333333D-01  0.41666666666667D+00
            0.50000000000000D+00  0.16666666666667D+00  0.83333333333333D-01
           -0.41666666666667D+00  0.16666666666667D+00  0.16666666666667D+00
           -0.33333333333333D+00  0.16666666666667D+00  0.25000000000000D+00
           -0.25000000000000D+00  0.16666666666667D+00  0.33333333333333D+00
           -0.16666666666667D+00  0.16666666666667D+00  0.41666666666667D+00
           -0.83333333333334D-01  0.16666666666667D+00  0.50000000000000D+00
            0.41666666666667D+00  0.25000000000000D+00  0.83333333333333D-01
            0.50000000000000D+00  0.25000000000000D+00  0.16666666666667D+00
           -0.41666666666667D+00  0.25000000000000D+00  0.25000000000000D+00
           -0.33333333333333D+00  0.25000000000000D+00  0.33333333333333D+00
           -0.25000000000000D+00  0.25000000000000D+00  0.41666666666667D+00
           -0.16666666666667D+00  0.25000000000000D+00  0.50000000000000D+00
           -0.83333333333334D-01  0.25000000000000D+00 -0.41666666666667D+00
            0.33333333333333D+00  0.33333333333333D+00  0.83333333333333D-01
            0.41666666666667D+00  0.33333333333333D+00  0.16666666666667D+00
            0.50000000000000D+00  0.33333333333333D+00  0.25000000000000D+00
           -0.41666666666667D+00  0.33333333333333D+00  0.33333333333333D+00
           -0.33333333333333D+00  0.33333333333333D+00  0.41666666666667D+00
           -0.25000000000000D+00  0.33333333333333D+00  0.50000000000000D+00
           -0.16666666666667D+00  0.33333333333333D+00 -0.41666666666667D+00
           -0.83333333333334D-01  0.33333333333333D+00 -0.33333333333333D+00
            0.25000000000000D+00  0.41666666666667D+00  0.83333333333333D-01
            0.33333333333333D+00  0.41666666666667D+00  0.16666666666667D+00
            0.41666666666667D+00  0.41666666666667D+00  0.25000000000000D+00
            0.50000000000000D+00  0.41666666666667D+00  0.33333333333333D+00
           -0.41666666666667D+00  0.41666666666667D+00  0.41666666666667D+00
           -0.33333333333333D+00  0.41666666666667D+00  0.50000000000000D+00
           -0.25000000000000D+00  0.41666666666667D+00 -0.41666666666667D+00
           -0.16666666666667D+00  0.41666666666667D+00 -0.33333333333333D+00
           -0.83333333333334D-01  0.41666666666667D+00 -0.25000000000000D+00
            0.16666666666667D+00  0.50000000000000D+00  0.83333333333333D-01
            0.25000000000000D+00  0.50000000000000D+00  0.16666666666667D+00
            0.33333333333333D+00  0.50000000000000D+00  0.25000000000000D+00
            0.41666666666667D+00  0.50000000000000D+00  0.33333333333333D+00
            0.50000000000000D+00  0.50000000000000D+00  0.41666666666667D+00
           -0.41666666666667D+00  0.50000000000000D+00  0.50000000000000D+00
           -0.33333333333333D+00  0.50000000000000D+00 -0.41666666666667D+00
           -0.25000000000000D+00  0.50000000000000D+00 -0.33333333333333D+00
           -0.16666666666667D+00  0.50000000000000D+00 -0.25000000000000D+00
           -0.83333333333334D-01  0.50000000000000D+00 -0.16666666666667D+00
            0.00000000000000D+00 -0.41666666666667D+00  0.00000000000000D+00
            0.83333333333333D-01 -0.41666666666667D+00  0.83333333333333D-01
            0.16666666666667D+00 -0.41666666666667D+00  0.16666666666667D+00
            0.25000000000000D+00 -0.41666666666667D+00  0.25000000000000D+00
            0.33333333333333D+00 -0.41666666666667D+00  0.33333333333333D+00
            0.41666666666667D+00 -0.41666666666667D+00  0.41666666666667D+00
            0.50000000000000D+00 -0.41666666666667D+00  0.50000000000000D+00
           -0.41666666666667D+00 -0.41666666666667D+00 -0.41666666666667D+00
           -0.33333333333333D+00 -0.41666666666667D+00 -0.33333333333333D+00
           -0.25000000000000D+00 -0.41666666666667D+00 -0.25000000000000D+00
           -0.16666666666667D+00 -0.41666666666667D+00 -0.16666666666667D+00
           -0.83333333333334D-01 -0.41666666666667D+00 -0.83333333333334D-01
            0.00000000000000D+00 -0.33333333333333D+00  0.83333333333333D-01
            0.83333333333333D-01 -0.33333333333333D+00  0.16666666666667D+00
            0.16666666666667D+00 -0.33333333333333D+00  0.25000000000000D+00
            0.25000000000000D+00 -0.33333333333333D+00  0.33333333333333D+00
            0.33333333333333D+00 -0.33333333333333D+00  0.41666666666667D+00
            0.41666666666667D+00 -0.33333333333333D+00  0.50000000000000D+00
            0.50000000000000D+00 -0.33333333333333D+00 -0.41666666666667D+00
           -0.41666666666667D+00 -0.33333333333333D+00 -0.33333333333333D+00
           -0.33333333333333D+00 -0.33333333333333D+00 -0.25000000000000D+00
           -0.25000000000000D+00 -0.33333333333333D+00 -0.16666666666667D+00
           -0.16666666666667D+00 -0.33333333333333D+00 -0.83333333333334D-01
            0.00000000000000D+00 -0.25000000000000D+00  0.16666666666667D+00
            0.83333333333333D-01 -0.25000000000000D+00  0.25000000000000D+00
            0.16666666666667D+00 -0.25000000000000D+00  0.33333333333333D+00
            0.25000000000000D+00 -0.25000000000000D+00  0.41666666666667D+00
            0.33333333333333D+00 -0.25000000000000D+00  0.50000000000000D+00
            0.41666666666667D+00 -0.25000000000000D+00 -0.41666666666667D+00
            0.50000000000000D+00 -0.25000000000000D+00 -0.33333333333333D+00
           -0.41666666666667D+00 -0.25000000000000D+00 -0.25000000000000D+00
           -0.33333333333333D+00 -0.25000000000000D+00 -0.16666666666667D+00
           -0.25000000000000D+00 -0.25000000000000D+00 -0.83333333333334D-01
            0.00000000000000D+00 -0.16666666666667D+00  0.25000000000000D+00
            0.83333333333333D-01 -0.16666666666667D+00  0.33333333333333D+00
            0.16666666666667D+00 -0.16666666666667D+00  0.41666666666667D+00
            0.25000000000000D+00 -0.16666666666667D+00  0.50000000000000D+00
            0.33333333333333D+00 -0.16666666666667D+00 -0.41666666666667D+00
            0.41666666666667D+00 -0.16666666666667D+00 -0.33333333333333D+00
            0.50000000000000D+00 -0.16666666666667D+00 -0.25000000000000D+00
           -0.41666666666667D+00 -0.16666666666667D+00 -0.16666666666667D+00
           -0.33333333333333D+00 -0.16666666666667D+00 -0.83333333333334D-01
            0.00000000000000D+00 -0.83333333333334D-01  0.33333333333333D+00
            0.83333333333333D-01 -0.83333333333334D-01  0.41666666666667D+00
            0.16666666666667D+00 -0.83333333333334D-01  0.50000000000000D+00
            0.25000000000000D+00 -0.83333333333334D-01 -0.41666666666667D+00
            0.33333333333333D+00 -0.83333333333334D-01 -0.33333333333333D+00
            0.41666666666667D+00 -0.83333333333334D-01 -0.25000000000000D+00
            0.50000000000000D+00 -0.83333333333334D-01 -0.16666666666667D+00
           -0.41666666666667D+00 -0.83333333333334D-01 -0.83333333333334D-01
            0.50000000000000D+00  0.00000000000000D+00  0.83333333333333D-01
           -0.41666666666667D+00  0.00000000000000D+00  0.16666666666667D+00
           -0.33333333333333D+00  0.00000000000000D+00  0.25000000000000D+00
           -0.25000000000000D+00  0.00000000000000D+00  0.33333333333333D+00
           -0.16666666666667D+00  0.00000000000000D+00  0.41666666666667D+00
           -0.83333333333334D-01  0.00000000000000D+00  0.50000000000000D+00
            0.00000000000000D+00  0.50000000000000D+00  0.83333333333333D-01
            0.00000000000000D+00 -0.41666666666667D+00  0.16666666666667D+00
            0.00000000000000D+00 -0.33333333333333D+00  0.25000000000000D+00
            0.00000000000000D+00 -0.25000000000000D+00  0.33333333333333D+00
            0.00000000000000D+00 -0.16666666666667D+00  0.41666666666667D+00
            0.00000000000000D+00 -0.83333333333334D-01  0.50000000000000D+00
            0.33333333333333D+00  0.00000000000000D+00  0.83333333333333D-01
            0.41666666666667D+00  0.00000000000000D+00  0.16666666666667D+00
            0.50000000000000D+00  0.00000000000000D+00  0.25000000000000D+00
           -0.41666666666667D+00  0.00000000000000D+00  0.33333333333333D+00
           -0.33333333333333D+00  0.00000000000000D+00  0.41666666666667D+00
           -0.25000000000000D+00  0.00000000000000D+00  0.50000000000000D+00
           -0.16666666666667D+00  0.00000000000000D+00 -0.41666666666667D+00
           -0.83333333333334D-01  0.00000000000000D+00 -0.33333333333333D+00
            0.00000000000000D+00  0.33333333333333D+00  0.83333333333333D-01
            0.00000000000000D+00  0.41666666666667D+00  0.16666666666667D+00
            0.00000000000000D+00  0.50000000000000D+00  0.25000000000000D+00
            0.00000000000000D+00 -0.41666666666667D+00  0.33333333333333D+00
            0.00000000000000D+00 -0.33333333333333D+00  0.41666666666667D+00
            0.00000000000000D+00 -0.25000000000000D+00  0.50000000000000D+00
            0.00000000000000D+00 -0.16666666666667D+00 -0.41666666666667D+00
            0.00000000000000D+00 -0.83333333333334D-01 -0.33333333333333D+00
            0.16666666666667D+00  0.00000000000000D+00  0.83333333333333D-01
            0.25000000000000D+00  0.00000000000000D+00  0.16666666666667D+00
            0.33333333333333D+00  0.00000000000000D+00  0.25000000000000D+00
            0.41666666666667D+00  0.00000000000000D+00  0.33333333333333D+00
            0.50000000000000D+00  0.00000000000000D+00  0.41666666666667D+00
           -0.41666666666667D+00  0.00000000000000D+00  0.50000000000000D+00
           -0.33333333333333D+00  0.00000000000000D+00 -0.41666666666667D+00
           -0.25000000000000D+00  0.00000000000000D+00 -0.33333333333333D+00
           -0.16666666666667D+00  0.00000000000000D+00 -0.25000000000000D+00
           -0.83333333333334D-01  0.00000000000000D+00 -0.16666666666667D+00
            0.00000000000000D+00  0.16666666666667D+00  0.83333333333333D-01
            0.00000000000000D+00  0.25000000000000D+00  0.16666666666667D+00
            0.00000000000000D+00  0.33333333333333D+00  0.25000000000000D+00
            0.00000000000000D+00  0.41666666666667D+00  0.33333333333333D+00
            0.00000000000000D+00  0.50000000000000D+00  0.41666666666667D+00
            0.00000000000000D+00 -0.41666666666667D+00  0.50000000000000D+00
            0.00000000000000D+00 -0.33333333333333D+00 -0.41666666666667D+00
            0.00000000000000D+00 -0.25000000000000D+00 -0.33333333333333D+00
            0.00000000000000D+00 -0.16666666666667D+00 -0.25000000000000D+00
            0.00000000000000D+00 -0.83333333333334D-01 -0.16666666666667D+00
            0.00000000000000D+00  0.00000000000000D+00  0.83333333333333D-01
            0.00000000000000D+00  0.00000000000000D+00  0.25000000000000D+00
            0.00000000000000D+00  0.00000000000000D+00  0.41666666666667D+00
    kptnrm  0.10000000000000D+01
     ngfft        40   40   40
    nspden         1
   nspinor         1
       occ  0.20000000000000D+01  0.20000000000000D+01  0.20000000000000D+01
            0.20000000000000D+01
     rprim  0.00000000000000D+00  0.50000000000000D+00  0.50000000000000D+00
            0.50000000000000D+00  0.00000000000000D+00  0.50000000000000D+00
            0.50000000000000D+00  0.50000000000000D+00  0.00000000000000D+00
  dfpt_sciss  0.00000000000000D+00
    spinat  0.00000000000000D+00  0.00000000000000D+00  0.00000000000000D+00
            0.00000000000000D+00  0.00000000000000D+00  0.00000000000000D+00
    symafm         1    1    1    1    1    1    1    1    1    1    1    1
                   1    1    1    1    1    1    1    1    1    1    1    1
    symrel         1    0    0    0    1    0    0    0    1
                   0   -1    1    0   -1    0    1   -1    0
                  -1    0    0   -1    0    1   -1    1    0
                   0    1   -1    1    0   -1    0    0   -1
                  -1    0    0   -1    1    0   -1    0    1
                   0   -1    1    1   -1    0    0   -1    0
                   1    0    0    0    0    1    0    1    0
                   0    1   -1    0    0   -1    1    0   -1
                  -1    0    1   -1    1    0   -1    0    0
                   0   -1    0    1   -1    0    0   -1    1
                   1    0   -1    0    0   -1    0    1   -1
                   0    1    0    0    0    1    1    0    0
                   1    0   -1    0    1   -1    0    0   -1
                   0   -1    0    0   -1    1    1   -1    0
                  -1    0    1   -1    0    0   -1    1    0
                   0    1    0    1    0    0    0    0    1
                   0    0   -1    0    1   -1    1    0   -1
                   1   -1    0    0   -1    1    0   -1    0
                   0    0    1    1    0    0    0    1    0
                  -1    1    0   -1    0    0   -1    0    1
                   0    0    1    0    1    0    1    0    0
                   1   -1    0    0   -1    0    0   -1    1
                   0    0   -1    1    0   -1    0    1   -1
                  -1    1    0   -1    0    1   -1    0    0
     tnons  0.00000000000000D+00  0.00000000000000D+00  0.00000000000000D+00
            0.00000000000000D+00  0.00000000000000D+00  0.00000000000000D+00
            0.00000000000000D+00  0.00000000000000D+00  0.00000000000000D+00
            0.00000000000000D+00  0.00000000000000D+00  0.00000000000000D+00
            0.00000000000000D+00  0.00000000000000D+00  0.00000000000000D+00
            0.00000000000000D+00  0.00000000000000D+00  0.00000000000000D+00
            0.00000000000000D+00  0.00000000000000D+00  0.00000000000000D+00
            0.00000000000000D+00  0.00000000000000D+00  0.00000000000000D+00
            0.00000000000000D+00  0.00000000000000D+00  0.00000000000000D+00
            0.00000000000000D+00  0.00000000000000D+00  0.00000000000000D+00
            0.00000000000000D+00  0.00000000000000D+00  0.00000000000000D+00
            0.00000000000000D+00  0.00000000000000D+00  0.00000000000000D+00
            0.00000000000000D+00  0.00000000000000D+00  0.00000000000000D+00
            0.00000000000000D+00  0.00000000000000D+00  0.00000000000000D+00
            0.00000000000000D+00  0.00000000000000D+00  0.00000000000000D+00
            0.00000000000000D+00  0.00000000000000D+00  0.00000000000000D+00
            0.00000000000000D+00  0.00000000000000D+00  0.00000000000000D+00
            0.00000000000000D+00  0.00000000000000D+00  0.00000000000000D+00
            0.00000000000000D+00  0.00000000000000D+00  0.00000000000000D+00
            0.00000000000000D+00  0.00000000000000D+00  0.00000000000000D+00
            0.00000000000000D+00  0.00000000000000D+00  0.00000000000000D+00
            0.00000000000000D+00  0.00000000000000D+00  0.00000000000000D+00
            0.00000000000000D+00  0.00000000000000D+00  0.00000000000000D+00
            0.00000000000000D+00  0.00000000000000D+00  0.00000000000000D+00
    tolwfr  0.10000000000000D+01
   tphysel  0.00000000000000D+00
    tsmear  0.10000000000000D-01
     typat         1    2
       wtk  0.23148148148148D-02  0.23148148148148D-02  0.23148148148148D-02
            0.23148148148148D-02  0.23148148148148D-02  0.23148148148148D-02
            0.23148148148148D-02  0.23148148148148D-02  0.23148148148148D-02
            0.23148148148148D-02  0.23148148148148D-02  0.23148148148148D-02
            0.23148148148148D-02  0.23148148148148D-02  0.23148148148148D-02
            0.23148148148148D-02  0.23148148148148D-02  0.23148148148148D-02
            0.23148148148148D-02  0.23148148148148D-02  0.23148148148148D-02
            0.23148148148148D-02  0.23148148148148D-02  0.23148148148148D-02
            0.23148148148148D-02  0.23148148148148D-02  0.23148148148148D-02
            0.23148148148148D-02  0.23148148148148D-02  0.23148148148148D-02
            0.23148148148148D-02  0.23148148148148D-02  0.23148148148148D-02
            0.23148148148148D-02  0.23148148148148D-02  0.23148148148148D-02
            0.23148148148148D-02  0.23148148148148D-02  0.23148148148148D-02
            0.23148148148148D-02  0.23148148148148D-02  0.23148148148148D-02
            0.23148148148148D-02  0.23148148148148D-02  0.23148148148148D-02
            0.23148148148148D-02  0.23148148148148D-02  0.23148148148148D-02
            0.23148148148148D-02  0.23148148148148D-02  0.23148148148148D-02
            0.23148148148148D-02  0.23148148148148D-02  0.23148148148148D-02
            0.23148148148148D-02  0.23148148148148D-02  0.23148148148148D-02
            0.23148148148148D-02  0.23148148148148D-02  0.23148148148148D-02
            0.23148148148148D-02  0.23148148148148D-02  0.23148148148148D-02
            0.23148148148148D-02  0.23148148148148D-02  0.23148148148148D-02
            0.23148148148148D-02  0.23148148148148D-02  0.23148148148148D-02
            0.23148148148148D-02  0.23148148148148D-02  0.23148148148148D-02
            0.23148148148148D-02  0.23148148148148D-02  0.23148148148148D-02
            0.23148148148148D-02  0.23148148148148D-02  0.23148148148148D-02
            0.23148148148148D-02  0.23148148148148D-02  0.23148148148148D-02
            0.23148148148148D-02  0.23148148148148D-02  0.23148148148148D-02
            0.23148148148148D-02  0.23148148148148D-02  0.23148148148148D-02
            0.23148148148148D-02  0.23148148148148D-02  0.23148148148148D-02
            0.23148148148148D-02  0.23148148148148D-02  0.23148148148148D-02
            0.23148148148148D-02  0.23148148148148D-02  0.23148148148148D-02
            0.23148148148148D-02  0.23148148148148D-02  0.23148148148148D-02
            0.23148148148148D-02  0.23148148148148D-02  0.23148148148148D-02
            0.23148148148148D-02  0.23148148148148D-02  0.23148148148148D-02
            0.23148148148148D-02  0.23148148148148D-02  0.23148148148148D-02
            0.23148148148148D-02  0.23148148148148D-02  0.23148148148148D-02
            0.23148148148148D-02  0.23148148148148D-02  0.23148148148148D-02
            0.23148148148148D-02  0.23148148148148D-02  0.23148148148148D-02
            0.23148148148148D-02  0.23148148148148D-02  0.23148148148148D-02
            0.23148148148148D-02  0.23148148148148D-02  0.23148148148148D-02
            0.23148148148148D-02  0.23148148148148D-02  0.23148148148148D-02
            0.23148148148148D-02  0.23148148148148D-02  0.23148148148148D-02
            0.23148148148148D-02  0.23148148148148D-02  0.23148148148148D-02
            0.23148148148148D-02  0.23148148148148D-02  0.23148148148148D-02
            0.23148148148148D-02  0.23148148148148D-02  0.23148148148148D-02
            0.23148148148148D-02  0.23148148148148D-02  0.23148148148148D-02
            0.23148148148148D-02  0.23148148148148D-02  0.23148148148148D-02
            0.23148148148148D-02  0.23148148148148D-02  0.23148148148148D-02
            0.23148148148148D-02  0.23148148148148D-02  0.23148148148148D-02
            0.23148148148148D-02  0.23148148148148D-02  0.23148148148148D-02
            0.23148148148148D-02  0.23148148148148D-02  0.23148148148148D-02
            0.23148148148148D-02  0.23148148148148D-02  0.23148148148148D-02
            0.23148148148148D-02  0.23148148148148D-02  0.23148148148148D-02
            0.23148148148148D-02  0.23148148148148D-02  0.23148148148148D-02
            0.23148148148148D-02  0.23148148148148D-02  0.23148148148148D-02
            0.23148148148148D-02  0.23148148148148D-02  0.23148148148148D-02
            0.23148148148148D-02  0.23148148148148D-02  0.23148148148148D-02
            0.23148148148148D-02  0.23148148148148D-02  0.23148148148148D-02
            0.23148148148148D-02  0.23148148148148D-02  0.23148148148148D-02
            0.23148148148148D-02  0.23148148148148D-02  0.23148148148148D-02
            0.23148148148148D-02  0.23148148148148D-02  0.23148148148148D-02
            0.23148148148148D-02  0.23148148148148D-02  0.23148148148148D-02
            0.23148148148148D-02  0.23148148148148D-02  0.23148148148148D-02
            0.23148148148148D-02  0.23148148148148D-02  0.23148148148148D-02
            0.23148148148148D-02  0.23148148148148D-02  0.23148148148148D-02
            0.23148148148148D-02  0.23148148148148D-02  0.23148148148148D-02
            0.23148148148148D-02  0.23148148148148D-02  0.23148148148148D-02
            0.23148148148148D-02  0.23148148148148D-02  0.23148148148148D-02
            0.23148148148148D-02  0.23148148148148D-02  0.23148148148148D-02
            0.23148148148148D-02  0.23148148148148D-02  0.23148148148148D-02
            0.23148148148148D-02  0.23148148148148D-02  0.23148148148148D-02
            0.23148148148148D-02  0.23148148148148D-02  0.23148148148148D-02
            0.23148148148148D-02  0.23148148148148D-02  0.23148148148148D-02
            0.23148148148148D-02  0.23148148148148D-02  0.23148148148148D-02
            0.23148148148148D-02  0.23148148148148D-02  0.23148148148148D-02
            0.23148148148148D-02  0.23148148148148D-02  0.23148148148148D-02
            0.23148148148148D-02  0.23148148148148D-02  0.23148148148148D-02
            0.23148148148148D-02  0.23148148148148D-02  0.23148148148148D-02
            0.23148148148148D-02  0.23148148148148D-02  0.23148148148148D-02
            0.23148148148148D-02  0.23148148148148D-02  0.23148148148148D-02
            0.23148148148148D-02  0.23148148148148D-02  0.23148148148148D-02
            0.23148148148148D-02  0.23148148148148D-02  0.23148148148148D-02
            0.23148148148148D-02  0.23148148148148D-02  0.23148148148148D-02
            0.23148148148148D-02  0.23148148148148D-02  0.23148148148148D-02
            0.23148148148148D-02  0.23148148148148D-02  0.23148148148148D-02
            0.23148148148148D-02  0.23148148148148D-02  0.23148148148148D-02
            0.23148148148148D-02  0.23148148148148D-02  0.23148148148148D-02
            0.23148148148148D-02  0.23148148148148D-02  0.23148148148148D-02
            0.23148148148148D-02  0.23148148148148D-02  0.23148148148148D-02
            0.23148148148148D-02  0.23148148148148D-02  0.23148148148148D-02
            0.23148148148148D-02  0.23148148148148D-02  0.23148148148148D-02
            0.23148148148148D-02  0.23148148148148D-02  0.23148148148148D-02
            0.23148148148148D-02  0.23148148148148D-02  0.23148148148148D-02
            0.23148148148148D-02  0.23148148148148D-02  0.23148148148148D-02
            0.23148148148148D-02  0.23148148148148D-02  0.23148148148148D-02
            0.23148148148148D-02  0.23148148148148D-02  0.23148148148148D-02
            0.23148148148148D-02  0.23148148148148D-02  0.23148148148148D-02
            0.23148148148148D-02  0.23148148148148D-02  0.23148148148148D-02
            0.23148148148148D-02  0.23148148148148D-02  0.23148148148148D-02
            0.23148148148148D-02  0.23148148148148D-02  0.23148148148148D-02
            0.23148148148148D-02  0.23148148148148D-02  0.23148148148148D-02
            0.23148148148148D-02  0.23148148148148D-02  0.23148148148148D-02
            0.23148148148148D-02  0.23148148148148D-02  0.23148148148148D-02
            0.23148148148148D-02  0.23148148148148D-02  0.23148148148148D-02
            0.23148148148148D-02  0.23148148148148D-02  0.23148148148148D-02
            0.23148148148148D-02  0.23148148148148D-02  0.23148148148148D-02
            0.23148148148148D-02  0.23148148148148D-02  0.23148148148148D-02
            0.23148148148148D-02  0.23148148148148D-02  0.23148148148148D-02
            0.23148148148148D-02  0.23148148148148D-02  0.23148148148148D-02
            0.23148148148148D-02  0.23148148148148D-02  0.23148148148148D-02
            0.23148148148148D-02  0.23148148148148D-02  0.23148148148148D-02
            0.23148148148148D-02  0.23148148148148D-02  0.23148148148148D-02
            0.23148148148148D-02  0.23148148148148D-02  0.23148148148148D-02
            0.23148148148148D-02  0.23148148148148D-02  0.23148148148148D-02
            0.23148148148148D-02  0.23148148148148D-02  0.23148148148148D-02
            0.23148148148148D-02  0.23148148148148D-02  0.23148148148148D-02
            0.23148148148148D-02  0.23148148148148D-02  0.23148148148148D-02
            0.23148148148148D-02  0.23148148148148D-02  0.23148148148148D-02
            0.23148148148148D-02  0.23148148148148D-02  0.23148148148148D-02
            0.23148148148148D-02  0.23148148148148D-02  0.23148148148148D-02
            0.23148148148148D-02  0.23148148148148D-02  0.23148148148148D-02
            0.23148148148148D-02  0.23148148148148D-02  0.23148148148148D-02
            0.23148148148148D-02  0.23148148148148D-02  0.23148148148148D-02
            0.23148148148148D-02  0.23148148148148D-02  0.23148148148148D-02
            0.23148148148148D-02  0.23148148148148D-02  0.23148148148148D-02
            0.23148148148148D-02  0.23148148148148D-02  0.23148148148148D-02
            0.23148148148148D-02  0.23148148148148D-02  0.23148148148148D-02
            0.23148148148148D-02  0.23148148148148D-02  0.23148148148148D-02
            0.23148148148148D-02  0.23148148148148D-02  0.23148148148148D-02
            0.23148148148148D-02  0.23148148148148D-02  0.23148148148148D-02
            0.23148148148148D-02  0.23148148148148D-02  0.23148148148148D-02
            0.23148148148148D-02  0.23148148148148D-02  0.23148148148148D-02
            0.23148148148148D-02  0.23148148148148D-02  0.23148148148148D-02
            0.23148148148148D-02  0.23148148148148D-02  0.23148148148148D-02
            0.23148148148148D-02  0.23148148148148D-02  0.23148148148148D-02
            0.23148148148148D-02  0.23148148148148D-02  0.23148148148148D-02
            0.23148148148148D-02  0.23148148148148D-02  0.23148148148148D-02
            0.23148148148148D-02  0.23148148148148D-02  0.23148148148148D-02
            0.23148148148148D-02  0.23148148148148D-02  0.23148148148148D-02
            0.23148148148148D-02  0.23148148148148D-02  0.23148148148148D-02
            0.23148148148148D-02  0.23148148148148D-02  0.23148148148148D-02
            0.23148148148148D-02  0.23148148148148D-02  0.23148148148148D-02
            0.23148148148148D-02  0.23148148148148D-02  0.23148148148148D-02
      xred  0.00000000000000D+00  0.00000000000000D+00  0.00000000000000D+00
            0.25000000000000D+00  0.25000000000000D+00  0.25000000000000D+00
     znucl  0.49000000000000D+02  0.51000000000000D+02
      zion  0.30000000000000D+01  0.50000000000000D+01
 
  Description of the potentials (KB energies)
  vrsio8 (for pseudopotentials)=100401
  usepaw =  0
  dimekb =  9       lmnmax=  9
  Atom type=    1   pspso=  0   nekb=   6
  iln lpsang iproj  ekb(:)
     1     0     1    -8.7282196E-01  0.0000000E+00  0.0000000E+00  0.0000000E+00
                       0.0000000E+00  0.0000000E+00
     2     0     2     0.0000000E+00 -2.4892500E-01  0.0000000E+00  0.0000000E+00
                       0.0000000E+00  0.0000000E+00
     3     0     3     0.0000000E+00  0.0000000E+00  2.0635928E+00  0.0000000E+00
                       0.0000000E+00  0.0000000E+00
     4     1     1     0.0000000E+00  0.0000000E+00  0.0000000E+00 -1.3507978E+00
                       0.0000000E+00  0.0000000E+00
     5     1     2     0.0000000E+00  0.0000000E+00  0.0000000E+00  0.0000000E+00
                       1.7258150E+00  0.0000000E+00
     6     2     1     0.0000000E+00  0.0000000E+00  0.0000000E+00  0.0000000E+00
                       1.7258150E+00  0.0000000E+00
  Atom type=    2   pspso=  0   nekb=   6
  iln lpsang iproj  ekb(:)
     1     0     1    -7.7842367E-01  0.0000000E+00  0.0000000E+00  0.0000000E+00
                       0.0000000E+00  0.0000000E+00
     2     0     2     0.0000000E+00  2.0034050E-01  0.0000000E+00  0.0000000E+00
                       0.0000000E+00  0.0000000E+00
     3     0     3     0.0000000E+00  0.0000000E+00  1.4881277E+00  0.0000000E+00
                       0.0000000E+00  0.0000000E+00
     4     1     1     0.0000000E+00  0.0000000E+00  0.0000000E+00 -4.7972705E-01
                       0.0000000E+00  0.0000000E+00
     5     1     2     0.0000000E+00  0.0000000E+00  0.0000000E+00  0.0000000E+00
                       9.6944461E-01  0.0000000E+00
     6     2     1     0.0000000E+00  0.0000000E+00  0.0000000E+00  0.0000000E+00
                       9.6944461E-01  0.0000000E+00
 
 **** Database of total energy derivatives ****
 Number of data blocks=    1

 2nd derivatives (non-stat.)  - # elements :      81
 qpt  0.00000000E+00  0.00000000E+00  0.00000000E+00   1.0
   1   1   1   1  0.53720285777308D+01  0.00000000000000D+00
   1   1   2   1  0.26860142888654D+01  0.00000000000000D+00
   1   1   3   1  0.26860142888654D+01  0.00000000000000D+00
   1   1   1   2 -0.53720209156987D+01  0.19892877964282D-16
   1   1   2   2 -0.26860104578494D+01 -0.12879993565388D-16
   1   1   3   2 -0.26860104578494D+01  0.72166267083695D-17
   1   1   1   4 -0.60540492853274D+01  0.00000000000000D+00
   1   1   2   4 -0.12368745672722D-16  0.00000000000000D+00
   1   1   3   4 -0.12334070261443D-16  0.00000000000000D+00
   2   1   1   1  0.26860142888654D+01  0.00000000000000D+00
   2   1   2   1  0.53720285777308D+01  0.00000000000000D+00
   2   1   3   1  0.26860142888654D+01  0.00000000000000D+00
   2   1   1   2 -0.26860104578494D+01 -0.12879993565388D-16
   2   1   2   2 -0.53720209156987D+01 -0.17402484504023D-16
   2   1   3   2 -0.26860104578494D+01  0.12830058542788D-16
   2   1   1   4  0.00000000000000D+00  0.00000000000000D+00
   2   1   2   4 -0.60540492853274D+01  0.00000000000000D+00
   2   1   3   4 -0.20044822938536D-16  0.00000000000000D+00
   3   1   1   1  0.26860142888654D+01  0.00000000000000D+00
   3   1   2   1  0.26860142888654D+01  0.00000000000000D+00
   3   1   3   1  0.53720285777308D+01  0.00000000000000D+00
   3   1   1   2 -0.26860104578494D+01  0.72166267083695D-17
   3   1   2   2 -0.26860104578494D+01  0.12830058542788D-16
   3   1   3   2 -0.53720209156987D+01  0.15740694784328D-16
   3   1   1   4  0.00000000000000D+00  0.00000000000000D+00
   3   1   2   4  0.20015370897099D-16  0.00000000000000D+00
   3   1   3   4 -0.60540492853274D+01  0.00000000000000D+00
   1   2   1   1 -0.53720177599147D+01 -0.19892877964282D-16
   1   2   2   1 -0.26860088799573D+01  0.12879993565388D-16
   1   2   3   1 -0.26860088799573D+01 -0.72166267083695D-17
   1   2   1   2  0.53720222230141D+01  0.00000000000000D+00
   1   2   2   2  0.26860111115071D+01  0.00000000000000D+00
   1   2   3   2  0.26860111115071D+01  0.00000000000000D+00
   1   2   1   4 -0.44431103903668D+02  0.00000000000000D+00
   1   2   2   4 -0.37778128257055D-15  0.00000000000000D+00
   1   2   3   4  0.31054712476321D-15  0.00000000000000D+00
   2   2   1   1 -0.26860088799573D+01  0.12879993565388D-16
   2   2   2   1 -0.53720177599147D+01  0.17402484504023D-16
   2   2   3   1 -0.26860088799573D+01 -0.12830058542788D-16
   2   2   1   2  0.26860111115071D+01  0.00000000000000D+00
   2   2   2   2  0.53720222230141D+01  0.00000000000000D+00
   2   2   3   2  0.26860111115071D+01  0.00000000000000D+00
   2   2   1   4  0.00000000000000D+00  0.00000000000000D+00
   2   2   2   4 -0.44431103903668D+02  0.00000000000000D+00
   2   2   3   4 -0.39015466927796D-16  0.00000000000000D+00
   3   2   1   1 -0.26860088799573D+01 -0.72166267083695D-17
   3   2   2   1 -0.26860088799573D+01 -0.12830058542788D-16
   3   2   3   1 -0.53720177599147D+01 -0.15740694784328D-16
   3   2   1   2  0.26860111115070D+01  0.00000000000000D+00
   3   2   2   2  0.26860111115071D+01  0.00000000000000D+00
   3   2   3   2  0.53720222230142D+01  0.00000000000000D+00
   3   2   1   4 -0.29605947323338D-15  0.00000000000000D+00
   3   2   2   4  0.28232846917671D-15  0.00000000000000D+00
   3   2   3   4 -0.44431103903668D+02  0.00000000000000D+00
   1   4   1   1 -0.60540387006486D+01  0.00000000000000D+00
   1   4   2   1  0.00000000000000D+00  0.00000000000000D+00
   1   4   3   1 -0.37007434154172D-16  0.00000000000000D+00
   1   4   1   2 -0.44431096508063D+02  0.00000000000000D+00
   1   4   2   2 -0.29605947323338D-15  0.00000000000000D+00
   1   4   3   2  0.00000000000000D+00  0.00000000000000D+00
   1   4   1   4 -0.40816436261307D+03  0.00000000000000D+00
   1   4   2   4  0.13605478753769D+03  0.00000000000000D+00
   1   4   3   4  0.13605478753769D+03  0.00000000000000D+00
   2   4   1   1  0.45938655429140D-17  0.00000000000000D+00
   2   4   2   1 -0.60540387006486D+01  0.00000000000000D+00
   2   4   3   1  0.20015370897099D-16  0.00000000000000D+00
   2   4   1   2  0.17532216167537D-15  0.00000000000000D+00
   2   4   2   2 -0.44431096508063D+02  0.00000000000000D+00
   2   4   3   2 -0.13731004056663D-16  0.00000000000000D+00
   2   4   1   4  0.13605478753769D+03  0.00000000000000D+00
   2   4   2   4 -0.40816436261307D+03  0.00000000000000D+00
   2   4   3   4  0.13605478753769D+03  0.00000000000000D+00
   3   4   1   1  0.15450957395622D-16  0.00000000000000D+00
   3   4   2   1  0.24702815934165D-16  0.00000000000000D+00
   3   4   3   1 -0.60540387006486D+01  0.00000000000000D+00
   3   4   1   2 -0.13630673004061D-15  0.00000000000000D+00
   3   4   2   2 -0.22882531542604D-15  0.00000000000000D+00
   3   4   3   2 -0.44431096508063D+02  0.00000000000000D+00
   3   4   1   4  0.13605478753769D+03  0.00000000000000D+00
   3   4   2   4  0.13605478753769D+03  0.00000000000000D+00
   3   4   3   4 -0.40816436261307D+03  0.00000000000000D+00
