 Fermi (or HOMO) energy (hartree) =   0.15971   Average Vxc (hartree)=  -0.34920
 Eigenvalues (hartree) for nkpt=  28  k points:
 kpt#   1, nband= 15, wtk=  0.02778, kpt= -0.0833 -0.1667  0.0000 (reduced coord)
  -0.88633   -0.88631   -0.88631   -0.88566   -0.88565   -0.37357   -0.37275   -0.37272
  -0.36976   -0.36965   -0.22825    0.07831    0.14233    0.14419    0.21555
 kpt#   2, nband= 15, wtk=  0.02778, kpt= -0.0833 -0.3333  0.0000 (reduced coord)
  -0.88633   -0.88630   -0.88629   -0.88565   -0.88564   -0.37447   -0.37241   -0.37233
  -0.36979   -0.36962   -0.20598    0.00043    0.12180    0.12497    0.20859
 kpt#   3, nband= 15, wtk=  0.02778, kpt= -0.1667 -0.2500  0.0000 (reduced coord)
  -0.88634   -0.88629   -0.88629   -0.88567   -0.88563   -0.37432   -0.37237   -0.37234
  -0.36992   -0.36958   -0.21621    0.03920    0.11851    0.12060    0.23129
 kpt#   4, nband= 15, wtk=  0.05556, kpt= -0.0833 -0.2500  0.0833 (reduced coord)
  -0.88633   -0.88630   -0.88629   -0.88566   -0.88564   -0.37438   -0.37242   -0.37231
  -0.36985   -0.36961   -0.21083    0.01992    0.10210    0.13332    0.23119
 kpt#   5, nband= 15, wtk=  0.02778, kpt= -0.0833  0.5000  0.0000 (reduced coord)
  -0.88632   -0.88629   -0.88628   -0.88564   -0.88563   -0.37503   -0.37220   -0.37216
  -0.36969   -0.36962   -0.18450   -0.04596    0.10652    0.12121    0.20016
 kpt#   6, nband= 15, wtk=  0.02778, kpt= -0.1667 -0.4167  0.0000 (reduced coord)
  -0.88633   -0.88628   -0.88628   -0.88566   -0.88562   -0.37505   -0.37211   -0.37200
  -0.36992   -0.36956   -0.19166   -0.02271    0.08981    0.10968    0.22739
 kpt#   7, nband= 15, wtk=  0.05556, kpt= -0.0833 -0.4167  0.0833 (reduced coord)
  -0.88632   -0.88629   -0.88628   -0.88565   -0.88563   -0.37507   -0.37215   -0.37205
  -0.36979   -0.36962   -0.18590   -0.03677    0.08547    0.11712    0.22354
 kpt#   8, nband= 15, wtk=  0.02778, kpt= -0.2500 -0.3333  0.0000 (reduced coord)
  -0.88636   -0.88627   -0.88627   -0.88567   -0.88562   -0.37514   -0.37192   -0.37189
  -0.37012   -0.36951   -0.19942    0.00143    0.09611    0.10155    0.22023
 kpt#   9, nband= 15, wtk=  0.05556, kpt= -0.1667 -0.3333  0.0833 (reduced coord)
  -0.88634   -0.88628   -0.88627   -0.88566   -0.88562   -0.37508   -0.37204   -0.37193
  -0.37002   -0.36955   -0.19508   -0.00985    0.08206    0.10799    0.24000
 kpt#  10, nband= 15, wtk=  0.05556, kpt= -0.0833 -0.3333  0.1667 (reduced coord)
  -0.88632   -0.88629   -0.88628   -0.88565   -0.88563   -0.37511   -0.37208   -0.37195
  -0.36987   -0.36964   -0.18724   -0.02523    0.06439    0.11516    0.24478
 kpt#  11, nband= 15, wtk=  0.02778, kpt= -0.0833  0.3333  0.0000 (reduced coord)
  -0.88632   -0.88629   -0.88629   -0.88564   -0.88564   -0.37471   -0.37232   -0.37226
  -0.36972   -0.36965   -0.19708   -0.02073    0.10667    0.13238    0.20296
 kpt#  12, nband= 15, wtk=  0.02778, kpt= -0.1667  0.4167  0.0000 (reduced coord)
  -0.88632   -0.88629   -0.88628   -0.88564   -0.88563   -0.37521   -0.37206   -0.37199
  -0.36976   -0.36967   -0.17979   -0.04500    0.07412    0.11550    0.22456
 kpt#  13, nband= 15, wtk=  0.02778, kpt= -0.2500  0.5000  0.0000 (reduced coord)
  -0.88634   -0.88627   -0.88626   -0.88566   -0.88561   -0.37554   -0.37182   -0.37168
  -0.37005   -0.36955   -0.17650   -0.04094    0.06299    0.09821    0.22555
 kpt#  14, nband= 15, wtk=  0.05556, kpt= -0.1667  0.5000  0.0833 (reduced coord)
  -0.88632   -0.88629   -0.88626   -0.88565   -0.88562   -0.37540   -0.37197   -0.37178
  -0.36989   -0.36963   -0.17533   -0.04563    0.06249    0.10171    0.23935
 kpt#  15, nband= 15, wtk=  0.02778, kpt= -0.3333 -0.4167  0.0000 (reduced coord)
  -0.88637   -0.88625   -0.88625   -0.88567   -0.88560   -0.37581   -0.37152   -0.37149
  -0.37032   -0.36945   -0.18029   -0.03208    0.08024    0.08789    0.21240
 kpt#  16, nband= 15, wtk=  0.05556, kpt= -0.2500 -0.4167  0.0833 (reduced coord)
  -0.88635   -0.88627   -0.88625   -0.88567   -0.88561   -0.37566   -0.37171   -0.37156
  -0.37017   -0.36951   -0.17763   -0.03610    0.06723    0.08838    0.23327
 kpt#  17, nband= 15, wtk=  0.05556, kpt= -0.1667 -0.4167  0.1667 (reduced coord)
  -0.88632   -0.88629   -0.88625   -0.88565   -0.88562   -0.37553   -0.37189   -0.37161
  -0.36999   -0.36963   -0.17328   -0.04240    0.05409    0.08992    0.26353
 kpt#  18, nband= 15, wtk=  0.05556, kpt= -0.0833 -0.4167  0.2500 (reduced coord)
  -0.88632   -0.88629   -0.88626   -0.88565   -0.88562   -0.37560   -0.37184   -0.37159
  -0.36997   -0.36966   -0.16886   -0.04826    0.04629    0.09395    0.24052
 kpt#  19, nband= 15, wtk=  0.02778, kpt= -0.0833  0.1667  0.0000 (reduced coord)
  -0.88633   -0.88631   -0.88631   -0.88566   -0.88565   -0.37380   -0.37271   -0.37258
  -0.36975   -0.36966   -0.22228    0.05104    0.12479    0.15215    0.21128
 kpt#  20, nband= 15, wtk=  0.02778, kpt= -0.1667  0.2500  0.0000 (reduced coord)
  -0.88632   -0.88629   -0.88629   -0.88565   -0.88564   -0.37465   -0.37232   -0.37220
  -0.36979   -0.36966   -0.20069   -0.00366    0.08136    0.13490    0.22935
 kpt#  21, nband= 15, wtk=  0.02778, kpt= -0.2500  0.3333  0.0000 (reduced coord)
  -0.88631   -0.88630   -0.88627   -0.88564   -0.88563   -0.37531   -0.37195   -0.37187
  -0.36982   -0.36972   -0.17764   -0.03895    0.05120    0.11216    0.23244
 kpt#  22, nband= 15, wtk=  0.02778, kpt= -0.3333  0.4167  0.0000 (reduced coord)
  -0.88635   -0.88627   -0.88625   -0.88566   -0.88561   -0.37582   -0.37164   -0.37147
  -0.37014   -0.36956   -0.16576   -0.05200    0.04775    0.09215    0.22058
 kpt#  23, nband= 15, wtk=  0.02778, kpt= -0.4167  0.5000  0.0000 (reduced coord)
  -0.88638   -0.88624   -0.88624   -0.88568   -0.88559   -0.37618   -0.37129   -0.37125
  -0.37043   -0.36942   -0.16507   -0.05466    0.07209    0.08081    0.21044
 kpt#  24, nband= 15, wtk=  0.05556, kpt= -0.3333  0.5000  0.0833 (reduced coord)
  -0.88636   -0.88626   -0.88624   -0.88567   -0.88560   -0.37599   -0.37151   -0.37134
  -0.37027   -0.36950   -0.16435   -0.05366    0.05918    0.07820    0.22852
 kpt#  25, nband= 15, wtk=  0.05556, kpt= -0.2500  0.5000  0.1667 (reduced coord)
  -0.88633   -0.88629   -0.88624   -0.88566   -0.88561   -0.37578   -0.37176   -0.37140
  -0.37007   -0.36963   -0.16362   -0.05264    0.05110    0.07221    0.26640
 kpt#  26, nband= 15, wtk=  0.00926, kpt= -0.0833  0.0000  0.0000 (reduced coord)
  -0.88633   -0.88632   -0.88632   -0.88566   -0.88566   -0.37314   -0.37294   -0.37294
  -0.36969   -0.36969   -0.23449    0.11454    0.15971    0.15971    0.18826
 kpt#  27, nband= 15, wtk=  0.00926, kpt= -0.2500  0.0000  0.0000 (reduced coord)
  -0.88632   -0.88630   -0.88630   -0.88565   -0.88565   -0.37400   -0.37258   -0.37258
  -0.36970   -0.36970   -0.21665    0.02692    0.14099    0.14099    0.19190
 kpt#  28, nband= 15, wtk=  0.00926, kpt= -0.4167  0.0000  0.0000 (reduced coord)
  -0.88632   -0.88629   -0.88629   -0.88564   -0.88564   -0.37485   -0.37227   -0.37227
  -0.36965   -0.36965   -0.19099   -0.03730    0.12747    0.12747    0.18095
