 Fermi (or HOMO) energy (hartree) =   0.16126   Average Vxc (hartree)=  -0.34918
 Eigenvalues (hartree) for nkpt=  60  k points:
 kpt#   1, nband= 15, wtk=  0.01172, kpt= -0.0625 -0.1250  0.0000 (reduced coord)
  -0.88648   -0.88646   -0.88646   -0.88580   -0.88580   -0.37335   -0.37287   -0.37285
  -0.36974   -0.36968   -0.23200    0.09799    0.15008    0.15204    0.20487
 kpt#   2, nband= 15, wtk=  0.01172, kpt= -0.0625 -0.2500  0.0000 (reduced coord)
  -0.88648   -0.88645   -0.88645   -0.88580   -0.88579   -0.37399   -0.37262   -0.37256
  -0.36978   -0.36967   -0.21857    0.03591    0.13498    0.13729    0.20675
 kpt#   3, nband= 15, wtk=  0.01172, kpt= -0.1250 -0.1875  0.0000 (reduced coord)
  -0.88649   -0.88645   -0.88645   -0.88581   -0.88579   -0.37383   -0.37263   -0.37262
  -0.36983   -0.36964   -0.22505    0.06739    0.13400    0.13422    0.22792
 kpt#   4, nband= 15, wtk=  0.02344, kpt= -0.0625 -0.1875  0.0625 (reduced coord)
  -0.88648   -0.88645   -0.88645   -0.88580   -0.88579   -0.37390   -0.37266   -0.37256
  -0.36981   -0.36965   -0.22175    0.05142    0.12233    0.14479    0.22153
 kpt#   5, nband= 15, wtk=  0.01172, kpt= -0.0625 -0.3750  0.0000 (reduced coord)
  -0.88647   -0.88644   -0.88643   -0.88579   -0.88578   -0.37467   -0.37236   -0.37230
  -0.36975   -0.36964   -0.19897   -0.01830    0.12219    0.12495    0.19758
 kpt#   6, nband= 15, wtk=  0.01172, kpt= -0.1250 -0.3125  0.0000 (reduced coord)
  -0.88648   -0.88644   -0.88644   -0.88580   -0.88577   -0.37448   -0.37239   -0.37231
  -0.36988   -0.36961   -0.20909    0.01323    0.11494    0.12074    0.22492
 kpt#   7, nband= 15, wtk=  0.02344, kpt= -0.0625 -0.3125  0.0625 (reduced coord)
  -0.88647   -0.88644   -0.88644   -0.88580   -0.88578   -0.37458   -0.37238   -0.37228
  -0.36982   -0.36964   -0.20362   -0.00307    0.10503    0.13061    0.21594
 kpt#   8, nband= 15, wtk=  0.01172, kpt= -0.1875 -0.2500  0.0000 (reduced coord)
  -0.88650   -0.88644   -0.88644   -0.88581   -0.88577   -0.37444   -0.37232   -0.37230
  -0.36997   -0.36959   -0.21496    0.03691    0.11603    0.11763    0.22792
 kpt#   9, nband= 15, wtk=  0.02344, kpt= -0.1250 -0.2500  0.0625 (reduced coord)
  -0.88649   -0.88644   -0.88644   -0.88581   -0.88577   -0.37445   -0.37237   -0.37229
  -0.36992   -0.36960   -0.21194    0.02543    0.10536    0.12580    0.23613
 kpt#  10, nband= 15, wtk=  0.02344, kpt= -0.0625 -0.2500  0.1250 (reduced coord)
  -0.88648   -0.88644   -0.88644   -0.88580   -0.88578   -0.37454   -0.37239   -0.37225
  -0.36986   -0.36964   -0.20610    0.00901    0.08979    0.13397    0.23385
 kpt#  11, nband= 15, wtk=  0.01172, kpt= -0.0625  0.5000  0.0000 (reduced coord)
  -0.88646   -0.88643   -0.88643   -0.88578   -0.88578   -0.37502   -0.37223   -0.37221
  -0.36968   -0.36964   -0.18498   -0.04671    0.11337    0.12305    0.19265
 kpt#  12, nband= 15, wtk=  0.01172, kpt= -0.1250 -0.4375  0.0000 (reduced coord)
  -0.88647   -0.88643   -0.88642   -0.88579   -0.88577   -0.37500   -0.37220   -0.37211
  -0.36983   -0.36961   -0.18975   -0.03180    0.09800    0.11546    0.21695
 kpt#  13, nband= 15, wtk=  0.02344, kpt= -0.0625 -0.4375  0.0625 (reduced coord)
  -0.88646   -0.88643   -0.88642   -0.88579   -0.88578   -0.37504   -0.37220   -0.37214
  -0.36974   -0.36964   -0.18588   -0.04110    0.09731    0.12071    0.20997
 kpt#  14, nband= 15, wtk=  0.01172, kpt= -0.1875 -0.3750  0.0000 (reduced coord)
  -0.88649   -0.88642   -0.88642   -0.88581   -0.88576   -0.37500   -0.37210   -0.37202
  -0.37001   -0.36956   -0.19732   -0.00827    0.09275    0.10778    0.23025
 kpt#  15, nband= 15, wtk=  0.02344, kpt= -0.1250 -0.3750  0.0625 (reduced coord)
  -0.88648   -0.88643   -0.88642   -0.88580   -0.88577   -0.37500   -0.37216   -0.37205
  -0.36991   -0.36960   -0.19293   -0.02032    0.08702    0.11409    0.23114
 kpt#  16, nband= 15, wtk=  0.02344, kpt= -0.0625 -0.3750  0.1250 (reduced coord)
  -0.88646   -0.88643   -0.88642   -0.88579   -0.88577   -0.37507   -0.37215   -0.37206
  -0.36981   -0.36966   -0.18710   -0.03187    0.07685    0.11929    0.22975
 kpt#  17, nband= 15, wtk=  0.01172, kpt= -0.2500 -0.3125  0.0000 (reduced coord)
  -0.88651   -0.88642   -0.88642   -0.88582   -0.88576   -0.37506   -0.37197   -0.37196
  -0.37013   -0.36953   -0.20226    0.00756    0.10011    0.10317    0.21856
 kpt#  18, nband= 15, wtk=  0.02344, kpt= -0.1875 -0.3125  0.0625 (reduced coord)
  -0.88650   -0.88642   -0.88642   -0.88581   -0.88576   -0.37503   -0.37205   -0.37198
  -0.37006   -0.36955   -0.19966    0.00018    0.09031    0.10768    0.23337
 kpt#  19, nband= 15, wtk=  0.02344, kpt= -0.1250 -0.3125  0.1250 (reduced coord)
  -0.88648   -0.88643   -0.88642   -0.88580   -0.88576   -0.37501   -0.37213   -0.37200
  -0.36996   -0.36960   -0.19471   -0.01136    0.07607    0.11439    0.24790
 kpt#  20, nband= 15, wtk=  0.02344, kpt= -0.0625 -0.3125  0.1875 (reduced coord)
  -0.88646   -0.88643   -0.88642   -0.88579   -0.88577   -0.37508   -0.37211   -0.37200
  -0.36986   -0.36968   -0.18793   -0.02382    0.06254    0.11846    0.24165
 kpt#  21, nband= 15, wtk=  0.01172, kpt= -0.0625  0.3750  0.0000 (reduced coord)
  -0.88646   -0.88643   -0.88643   -0.88579   -0.88578   -0.37484   -0.37230   -0.37226
  -0.36971   -0.36966   -0.19274   -0.03168    0.11305    0.12953    0.19440
 kpt#  22, nband= 15, wtk=  0.01172, kpt= -0.1250  0.4375  0.0000 (reduced coord)
  -0.88646   -0.88643   -0.88642   -0.88578   -0.88578   -0.37513   -0.37214   -0.37211
  -0.36972   -0.36967   -0.18224   -0.04593    0.08916    0.11940    0.21395
 kpt#  23, nband= 15, wtk=  0.01172, kpt= -0.1875  0.5000  0.0000 (reduced coord)
  -0.88647   -0.88642   -0.88641   -0.88579   -0.88576   -0.37531   -0.37202   -0.37190
  -0.36991   -0.36960   -0.18037   -0.04145    0.07411    0.10739    0.22700
 kpt#  24, nband= 15, wtk=  0.02344, kpt= -0.1250  0.5000  0.0625 (reduced coord)
  -0.88646   -0.88643   -0.88641   -0.88579   -0.88577   -0.37525   -0.37209   -0.37197
  -0.36981   -0.36965   -0.17956   -0.04566    0.07725    0.11127    0.22769
 kpt#  25, nband= 15, wtk=  0.01172, kpt= -0.2500 -0.4375  0.0000 (reduced coord)
  -0.88650   -0.88641   -0.88640   -0.88581   -0.88575   -0.37548   -0.37183   -0.37173
  -0.37013   -0.36953   -0.18432   -0.02796    0.07419    0.09731    0.22507
 kpt#  26, nband= 15, wtk=  0.02344, kpt= -0.1875 -0.4375  0.0625 (reduced coord)
  -0.88648   -0.88642   -0.88640   -0.88580   -0.88576   -0.37539   -0.37195   -0.37180
  -0.37001   -0.36958   -0.18149   -0.03496    0.06950    0.10067    0.23435
 kpt#  27, nband= 15, wtk=  0.02344, kpt= -0.1250 -0.4375  0.1250 (reduced coord)
  -0.88646   -0.88643   -0.88640   -0.88579   -0.88576   -0.37535   -0.37202   -0.37183
  -0.36990   -0.36965   -0.17807   -0.04159    0.06392    0.10341    0.24532
 kpt#  28, nband= 15, wtk=  0.02344, kpt= -0.0625 -0.4375  0.1875 (reduced coord)
  -0.88646   -0.88643   -0.88640   -0.88579   -0.88577   -0.37541   -0.37198   -0.37181
  -0.36988   -0.36968   -0.17487   -0.04585    0.05837    0.10492    0.23637
 kpt#  29, nband= 15, wtk=  0.01172, kpt= -0.3125 -0.3750  0.0000 (reduced coord)
  -0.88652   -0.88640   -0.88640   -0.88582   -0.88574   -0.37561   -0.37165   -0.37163
  -0.37028   -0.36948   -0.18789   -0.01954    0.08756    0.09169    0.21177
 kpt#  30, nband= 15, wtk=  0.02344, kpt= -0.2500 -0.3750  0.0625 (reduced coord)
  -0.88651   -0.88641   -0.88640   -0.88582   -0.88575   -0.37554   -0.37176   -0.37167
  -0.37020   -0.36951   -0.18591   -0.02335    0.07822    0.09306    0.22669
 kpt#  31, nband= 15, wtk=  0.02344, kpt= -0.1875 -0.3750  0.1250 (reduced coord)
  -0.88649   -0.88642   -0.88640   -0.88581   -0.88575   -0.37544   -0.37190   -0.37172
  -0.37008   -0.36957   -0.18225   -0.02985    0.06579    0.09552    0.25013
 kpt#  32, nband= 15, wtk=  0.02344, kpt= -0.1250 -0.3750  0.1875 (reduced coord)
  -0.88646   -0.88644   -0.88640   -0.88579   -0.88576   -0.37541   -0.37197   -0.37174
  -0.36995   -0.36966   -0.17749   -0.03734    0.05437    0.09922    0.25771
 kpt#  33, nband= 15, wtk=  0.02344, kpt= -0.0625 -0.3750  0.2500 (reduced coord)
  -0.88646   -0.88644   -0.88640   -0.88579   -0.88576   -0.37549   -0.37191   -0.37171
  -0.36992   -0.36970   -0.17244   -0.04420    0.04657    0.10173    0.23782
 kpt#  34, nband= 15, wtk=  0.01172, kpt= -0.0625  0.2500  0.0000 (reduced coord)
  -0.88647   -0.88645   -0.88644   -0.88579   -0.88578   -0.37421   -0.37255   -0.37246
  -0.36976   -0.36968   -0.21240    0.01616    0.12184    0.14258    0.20182
 kpt#  35, nband= 15, wtk=  0.01172, kpt= -0.1250  0.3125  0.0000 (reduced coord)
  -0.88646   -0.88643   -0.88643   -0.88579   -0.88578   -0.37478   -0.37229   -0.37222
  -0.36977   -0.36967   -0.19602   -0.01875    0.09091    0.13138    0.21698
 kpt#  36, nband= 15, wtk=  0.01172, kpt= -0.1875  0.3750  0.0000 (reduced coord)
  -0.88645   -0.88643   -0.88642   -0.88578   -0.88578   -0.37522   -0.37205   -0.37200
  -0.36977   -0.36972   -0.18072   -0.04070    0.06663    0.11645    0.22857
 kpt#  37, nband= 15, wtk=  0.01172, kpt= -0.2500  0.4375  0.0000 (reduced coord)
  -0.88647   -0.88642   -0.88640   -0.88579   -0.88576   -0.37554   -0.37187   -0.37172
  -0.36998   -0.36962   -0.17251   -0.04711    0.05494    0.10158    0.22702
 kpt#  38, nband= 15, wtk=  0.01172, kpt= -0.3125  0.5000  0.0000 (reduced coord)
  -0.88651   -0.88640   -0.88639   -0.88581   -0.88574   -0.37583   -0.37162   -0.37150
  -0.37023   -0.36952   -0.17206   -0.04442    0.06104    0.09002    0.21920
 kpt#  39, nband= 15, wtk=  0.02344, kpt= -0.2500  0.5000  0.0625 (reduced coord)
  -0.88649   -0.88641   -0.88639   -0.88580   -0.88575   -0.37568   -0.37178   -0.37158
  -0.37010   -0.36958   -0.17118   -0.04626    0.05539    0.09181    0.23095
 kpt#  40, nband= 15, wtk=  0.02344, kpt= -0.1875  0.5000  0.1250 (reduced coord)
  -0.88646   -0.88644   -0.88639   -0.88579   -0.88576   -0.37557   -0.37190   -0.37162
  -0.36998   -0.36966   -0.17054   -0.04763    0.05310    0.09070    0.25282
 kpt#  41, nband= 15, wtk=  0.01172, kpt= -0.3750 -0.4375  0.0000 (reduced coord)
  -0.88653   -0.88638   -0.88638   -0.88582   -0.88573   -0.37602   -0.37140   -0.37138
  -0.37041   -0.36945   -0.17384   -0.04223    0.07895    0.08378    0.20882
 kpt#  42, nband= 15, wtk=  0.02344, kpt= -0.3125 -0.4375  0.0625 (reduced coord)
  -0.88652   -0.88639   -0.88638   -0.88581   -0.88574   -0.37592   -0.37153   -0.37143
  -0.37031   -0.36949   -0.17267   -0.04320    0.06972    0.08304    0.22216
 kpt#  43, nband= 15, wtk=  0.02344, kpt= -0.2500 -0.4375  0.1250 (reduced coord)
  -0.88650   -0.88641   -0.88638   -0.88581   -0.88574   -0.37577   -0.37172   -0.37148
  -0.37017   -0.36956   -0.17064   -0.04509    0.05941    0.08081    0.24673
 kpt#  44, nband= 15, wtk=  0.02344, kpt= -0.1875 -0.4375  0.1875 (reduced coord)
  -0.88647   -0.88644   -0.88638   -0.88580   -0.88575   -0.37567   -0.37185   -0.37152
  -0.37003   -0.36965   -0.16829   -0.04765    0.05094    0.08098    0.27179
 kpt#  45, nband= 15, wtk=  0.02344, kpt= -0.1250 -0.4375  0.2500 (reduced coord)
  -0.88646   -0.88644   -0.88638   -0.88579   -0.88575   -0.37569   -0.37183   -0.37151
  -0.37002   -0.36967   -0.16620   -0.05036    0.04651    0.08407    0.25327
 kpt#  46, nband= 15, wtk=  0.02344, kpt= -0.0625 -0.4375  0.3125 (reduced coord)
  -0.88649   -0.88641   -0.88638   -0.88580   -0.88575   -0.37584   -0.37167   -0.37146
  -0.37014   -0.36959   -0.16476   -0.05275    0.04753    0.08743    0.22817
 kpt#  47, nband= 15, wtk=  0.01172, kpt= -0.0625  0.1250  0.0000 (reduced coord)
  -0.88648   -0.88646   -0.88646   -0.88580   -0.88580   -0.37350   -0.37284   -0.37276
  -0.36974   -0.36969   -0.22854    0.07703    0.13907    0.15696    0.20530
 kpt#  48, nband= 15, wtk=  0.01172, kpt= -0.1250  0.1875  0.0000 (reduced coord)
  -0.88647   -0.88645   -0.88644   -0.88580   -0.88579   -0.37413   -0.37260   -0.37244
  -0.36980   -0.36967   -0.21532    0.03042    0.10594    0.14721    0.22104
 kpt#  49, nband= 15, wtk=  0.01172, kpt= -0.1875  0.2500  0.0000 (reduced coord)
  -0.88646   -0.88643   -0.88643   -0.88579   -0.88578   -0.37476   -0.37227   -0.37218
  -0.36981   -0.36969   -0.19785   -0.00803    0.07474    0.13224    0.23257
 kpt#  50, nband= 15, wtk=  0.01172, kpt= -0.2500  0.3125  0.0000 (reduced coord)
  -0.88645   -0.88644   -0.88641   -0.88578   -0.88578   -0.37526   -0.37199   -0.37193
  -0.36980   -0.36976   -0.18013   -0.03516    0.05222    0.11481    0.23363
 kpt#  51, nband= 15, wtk=  0.01172, kpt= -0.3125  0.3750  0.0000 (reduced coord)
  -0.88647   -0.88641   -0.88639   -0.88579   -0.88576   -0.37567   -0.37178   -0.37161
  -0.37003   -0.36965   -0.16797   -0.04943    0.04400    0.09855    0.22518
 kpt#  52, nband= 15, wtk=  0.01172, kpt= -0.3750  0.4375  0.0000 (reduced coord)
  -0.88651   -0.88639   -0.88638   -0.88581   -0.88574   -0.37601   -0.37150   -0.37137
  -0.37028   -0.36952   -0.16400   -0.05453    0.05426    0.08629    0.21585
 kpt#  53, nband= 15, wtk=  0.01172, kpt= -0.4375  0.5000  0.0000 (reduced coord)
  -0.88653   -0.88637   -0.88637   -0.88582   -0.88572   -0.37624   -0.37126   -0.37124
  -0.37048   -0.36943   -0.16414   -0.05630    0.07458    0.07975    0.20944
 kpt#  54, nband= 15, wtk=  0.02344, kpt= -0.3750  0.5000  0.0625 (reduced coord)
  -0.88652   -0.88638   -0.88637   -0.88581   -0.88573   -0.37612   -0.37140   -0.37130
  -0.37037   -0.36948   -0.16372   -0.05549    0.06532    0.07800    0.22021
 kpt#  55, nband= 15, wtk=  0.02344, kpt= -0.3125  0.5000  0.1250 (reduced coord)
  -0.88650   -0.88641   -0.88637   -0.88580   -0.88574   -0.37595   -0.37161   -0.37136
  -0.37021   -0.36956   -0.16312   -0.05430    0.05674    0.07250    0.24439
 kpt#  56, nband= 15, wtk=  0.02344, kpt= -0.2500  0.5000  0.1875 (reduced coord)
  -0.88647   -0.88644   -0.88637   -0.88580   -0.88575   -0.37581   -0.37177   -0.37140
  -0.37008   -0.36966   -0.16269   -0.05343    0.05183    0.06829    0.27528
 kpt#  57, nband= 15, wtk=  0.00391, kpt= -0.0625  0.0000  0.0000 (reduced coord)
  -0.88647   -0.88647   -0.88647   -0.88581   -0.88581   -0.37309   -0.37298   -0.37298
  -0.36970   -0.36970   -0.23555    0.12542    0.16126    0.16126    0.18263
 kpt#  58, nband= 15, wtk=  0.00391, kpt= -0.1875  0.0000  0.0000 (reduced coord)
  -0.88647   -0.88646   -0.88646   -0.88579   -0.88579   -0.37364   -0.37275   -0.37275
  -0.36972   -0.36972   -0.22516    0.05868    0.14829    0.14829    0.19596
 kpt#  59, nband= 15, wtk=  0.00391, kpt= -0.3125  0.0000  0.0000 (reduced coord)
  -0.88647   -0.88644   -0.88644   -0.88579   -0.88579   -0.37440   -0.37245   -0.37245
  -0.36970   -0.36970   -0.20679   -0.00173    0.13455    0.13455    0.18692
 kpt#  60, nband= 15, wtk=  0.00391, kpt= -0.4375  0.0000  0.0000 (reduced coord)
  -0.88646   -0.88643   -0.88643   -0.88578   -0.88578   -0.37492   -0.37227   -0.37227
  -0.36966   -0.36966   -0.18875   -0.04175    0.12665    0.12665    0.18023
