 Fermi (or HOMO) energy (hartree) =   0.15970   Average Vxc (hartree)=  -0.34919
 Eigenvalues (hartree) for nkpt=  28  k points:
 kpt#   1, nband= 15, wtk=  0.02778, kpt= -0.0833 -0.1667  0.0000 (reduced coord)
  -0.88644   -0.88642   -0.88642   -0.88576   -0.88575   -0.37357   -0.37276   -0.37273
  -0.36977   -0.36965   -0.22826    0.07830    0.14233    0.14418    0.21554
 kpt#   2, nband= 15, wtk=  0.02778, kpt= -0.0833 -0.3333  0.0000 (reduced coord)
  -0.88643   -0.88640   -0.88640   -0.88576   -0.88574   -0.37448   -0.37241   -0.37233
  -0.36979   -0.36963   -0.20598    0.00043    0.12179    0.12497    0.20858
 kpt#   3, nband= 15, wtk=  0.02778, kpt= -0.1667 -0.2500  0.0000 (reduced coord)
  -0.88645   -0.88640   -0.88640   -0.88577   -0.88574   -0.37433   -0.37238   -0.37235
  -0.36992   -0.36959   -0.21622    0.03920    0.11851    0.12060    0.23128
 kpt#   4, nband= 15, wtk=  0.05556, kpt= -0.0833 -0.2500  0.0833 (reduced coord)
  -0.88644   -0.88640   -0.88640   -0.88576   -0.88574   -0.37439   -0.37243   -0.37231
  -0.36986   -0.36962   -0.21083    0.01992    0.10210    0.13332    0.23119
 kpt#   5, nband= 15, wtk=  0.02778, kpt= -0.0833  0.5000  0.0000 (reduced coord)
  -0.88642   -0.88639   -0.88638   -0.88574   -0.88574   -0.37504   -0.37220   -0.37216
  -0.36970   -0.36963   -0.18450   -0.04596    0.10652    0.12120    0.20015
 kpt#   6, nband= 15, wtk=  0.02778, kpt= -0.1667 -0.4167  0.0000 (reduced coord)
  -0.88644   -0.88638   -0.88638   -0.88576   -0.88572   -0.37505   -0.37212   -0.37201
  -0.36993   -0.36957   -0.19167   -0.02271    0.08981    0.10967    0.22739
 kpt#   7, nband= 15, wtk=  0.05556, kpt= -0.0833 -0.4167  0.0833 (reduced coord)
  -0.88642   -0.88639   -0.88638   -0.88575   -0.88573   -0.37508   -0.37215   -0.37206
  -0.36979   -0.36963   -0.18591   -0.03677    0.08547    0.11711    0.22354
 kpt#   8, nband= 15, wtk=  0.02778, kpt= -0.2500 -0.3333  0.0000 (reduced coord)
  -0.88647   -0.88638   -0.88637   -0.88578   -0.88571   -0.37514   -0.37192   -0.37190
  -0.37013   -0.36952   -0.19943    0.00143    0.09611    0.10154    0.22023
 kpt#   9, nband= 15, wtk=  0.05556, kpt= -0.1667 -0.3333  0.0833 (reduced coord)
  -0.88645   -0.88638   -0.88638   -0.88577   -0.88572   -0.37508   -0.37204   -0.37194
  -0.37002   -0.36955   -0.19509   -0.00985    0.08206    0.10799    0.24000
 kpt#  10, nband= 15, wtk=  0.05556, kpt= -0.0833 -0.3333  0.1667 (reduced coord)
  -0.88642   -0.88639   -0.88638   -0.88575   -0.88573   -0.37511   -0.37209   -0.37196
  -0.36988   -0.36965   -0.18725   -0.02523    0.06439    0.11515    0.24478
 kpt#  11, nband= 15, wtk=  0.02778, kpt= -0.0833  0.3333  0.0000 (reduced coord)
  -0.88643   -0.88640   -0.88639   -0.88575   -0.88574   -0.37472   -0.37232   -0.37226
  -0.36973   -0.36965   -0.19709   -0.02073    0.10667    0.13238    0.20296
 kpt#  12, nband= 15, wtk=  0.02778, kpt= -0.1667  0.4167  0.0000 (reduced coord)
  -0.88641   -0.88639   -0.88638   -0.88574   -0.88573   -0.37522   -0.37206   -0.37200
  -0.36977   -0.36967   -0.17979   -0.04500    0.07412    0.11550    0.22456
 kpt#  13, nband= 15, wtk=  0.02778, kpt= -0.2500  0.5000  0.0000 (reduced coord)
  -0.88645   -0.88637   -0.88636   -0.88576   -0.88571   -0.37554   -0.37182   -0.37169
  -0.37006   -0.36956   -0.17651   -0.04094    0.06299    0.09821    0.22555
 kpt#  14, nband= 15, wtk=  0.05556, kpt= -0.1667  0.5000  0.0833 (reduced coord)
  -0.88642   -0.88639   -0.88636   -0.88575   -0.88572   -0.37541   -0.37197   -0.37178
  -0.36990   -0.36963   -0.17534   -0.04563    0.06249    0.10171    0.23934
 kpt#  15, nband= 15, wtk=  0.02778, kpt= -0.3333 -0.4167  0.0000 (reduced coord)
  -0.88648   -0.88635   -0.88635   -0.88578   -0.88570   -0.37581   -0.37153   -0.37150
  -0.37032   -0.36946   -0.18030   -0.03208    0.08024    0.08789    0.21240
 kpt#  16, nband= 15, wtk=  0.05556, kpt= -0.2500 -0.4167  0.0833 (reduced coord)
  -0.88646   -0.88637   -0.88635   -0.88577   -0.88570   -0.37567   -0.37171   -0.37156
  -0.37018   -0.36952   -0.17763   -0.03610    0.06722    0.08837    0.23327
 kpt#  17, nband= 15, wtk=  0.05556, kpt= -0.1667 -0.4167  0.1667 (reduced coord)
  -0.88643   -0.88639   -0.88635   -0.88576   -0.88572   -0.37554   -0.37190   -0.37161
  -0.37000   -0.36963   -0.17328   -0.04241    0.05409    0.08992    0.26353
 kpt#  18, nband= 15, wtk=  0.05556, kpt= -0.0833 -0.4167  0.2500 (reduced coord)
  -0.88642   -0.88639   -0.88635   -0.88575   -0.88572   -0.37560   -0.37185   -0.37160
  -0.36997   -0.36966   -0.16886   -0.04826    0.04629    0.09395    0.24052
 kpt#  19, nband= 15, wtk=  0.02778, kpt= -0.0833  0.1667  0.0000 (reduced coord)
  -0.88643   -0.88642   -0.88641   -0.88576   -0.88575   -0.37380   -0.37272   -0.37259
  -0.36976   -0.36967   -0.22228    0.05103    0.12479    0.15214    0.21128
 kpt#  20, nband= 15, wtk=  0.02778, kpt= -0.1667  0.2500  0.0000 (reduced coord)
  -0.88643   -0.88640   -0.88639   -0.88575   -0.88574   -0.37466   -0.37232   -0.37221
  -0.36980   -0.36967   -0.20069   -0.00366    0.08136    0.13489    0.22935
 kpt#  21, nband= 15, wtk=  0.02778, kpt= -0.2500  0.3333  0.0000 (reduced coord)
  -0.88641   -0.88640   -0.88637   -0.88574   -0.88573   -0.37532   -0.37195   -0.37187
  -0.36982   -0.36973   -0.17765   -0.03895    0.05120    0.11215    0.23244
 kpt#  22, nband= 15, wtk=  0.02778, kpt= -0.3333  0.4167  0.0000 (reduced coord)
  -0.88645   -0.88636   -0.88635   -0.88576   -0.88571   -0.37582   -0.37165   -0.37148
  -0.37014   -0.36957   -0.16576   -0.05200    0.04775    0.09215    0.22058
 kpt#  23, nband= 15, wtk=  0.02778, kpt= -0.4167  0.5000  0.0000 (reduced coord)
  -0.88649   -0.88633   -0.88633   -0.88578   -0.88568   -0.37618   -0.37130   -0.37126
  -0.37044   -0.36943   -0.16507   -0.05466    0.07209    0.08081    0.21044
 kpt#  24, nband= 15, wtk=  0.05556, kpt= -0.3333  0.5000  0.0833 (reduced coord)
  -0.88647   -0.88635   -0.88633   -0.88577   -0.88570   -0.37600   -0.37151   -0.37134
  -0.37027   -0.36951   -0.16436   -0.05366    0.05918    0.07820    0.22852
 kpt#  25, nband= 15, wtk=  0.05556, kpt= -0.2500  0.5000  0.1667 (reduced coord)
  -0.88643   -0.88639   -0.88633   -0.88576   -0.88571   -0.37579   -0.37176   -0.37141
  -0.37007   -0.36963   -0.16363   -0.05264    0.05110    0.07221    0.26640
 kpt#  26, nband= 15, wtk=  0.00926, kpt= -0.0833  0.0000  0.0000 (reduced coord)
  -0.88643   -0.88643   -0.88643   -0.88576   -0.88576   -0.37314   -0.37295   -0.37295
  -0.36969   -0.36969   -0.23449    0.11453    0.15970    0.15970    0.18825
 kpt#  27, nband= 15, wtk=  0.00926, kpt= -0.2500  0.0000  0.0000 (reduced coord)
  -0.88643   -0.88641   -0.88641   -0.88575   -0.88575   -0.37401   -0.37258   -0.37258
  -0.36970   -0.36970   -0.21665    0.02692    0.14098    0.14098    0.19190
 kpt#  28, nband= 15, wtk=  0.00926, kpt= -0.4167  0.0000  0.0000 (reduced coord)
  -0.88642   -0.88639   -0.88639   -0.88574   -0.88574   -0.37485   -0.37228   -0.37228
  -0.36965   -0.36965   -0.19099   -0.03730    0.12747    0.12747    0.18095
