 Fermi (or HOMO) energy (hartree) =   0.16127   Average Vxc (hartree)=  -0.34919
 Eigenvalues (hartree) for nkpt=  60  k points:
 kpt#   1, nband= 15, wtk=  0.01172, kpt= -0.0625 -0.1250  0.0000 (reduced coord)
  -0.88637   -0.88636   -0.88636   -0.88570   -0.88570   -0.37335   -0.37287   -0.37285
  -0.36974   -0.36967   -0.23200    0.09799    0.15008    0.15205    0.20488
 kpt#   2, nband= 15, wtk=  0.01172, kpt= -0.0625 -0.2500  0.0000 (reduced coord)
  -0.88637   -0.88635   -0.88635   -0.88570   -0.88569   -0.37398   -0.37262   -0.37255
  -0.36978   -0.36966   -0.21857    0.03591    0.13498    0.13729    0.20675
 kpt#   3, nband= 15, wtk=  0.01172, kpt= -0.1250 -0.1875  0.0000 (reduced coord)
  -0.88638   -0.88635   -0.88635   -0.88571   -0.88569   -0.37383   -0.37263   -0.37261
  -0.36983   -0.36963   -0.22504    0.06739    0.13400    0.13422    0.22793
 kpt#   4, nband= 15, wtk=  0.02344, kpt= -0.0625 -0.1875  0.0625 (reduced coord)
  -0.88637   -0.88635   -0.88635   -0.88570   -0.88569   -0.37390   -0.37266   -0.37255
  -0.36980   -0.36965   -0.22175    0.05142    0.12234    0.14480    0.22154
 kpt#   5, nband= 15, wtk=  0.01172, kpt= -0.0625 -0.3750  0.0000 (reduced coord)
  -0.88637   -0.88634   -0.88633   -0.88569   -0.88568   -0.37467   -0.37236   -0.37230
  -0.36975   -0.36964   -0.19896   -0.01830    0.12220    0.12495    0.19758
 kpt#   6, nband= 15, wtk=  0.01172, kpt= -0.1250 -0.3125  0.0000 (reduced coord)
  -0.88638   -0.88634   -0.88633   -0.88570   -0.88568   -0.37447   -0.37238   -0.37230
  -0.36988   -0.36961   -0.20909    0.01323    0.11495    0.12074    0.22493
 kpt#   7, nband= 15, wtk=  0.02344, kpt= -0.0625 -0.3125  0.0625 (reduced coord)
  -0.88637   -0.88634   -0.88633   -0.88569   -0.88568   -0.37457   -0.37238   -0.37228
  -0.36981   -0.36963   -0.20362   -0.00307    0.10503    0.13062    0.21594
 kpt#   8, nband= 15, wtk=  0.01172, kpt= -0.1875 -0.2500  0.0000 (reduced coord)
  -0.88639   -0.88633   -0.88633   -0.88571   -0.88567   -0.37443   -0.37231   -0.37230
  -0.36996   -0.36958   -0.21496    0.03692    0.11604    0.11764    0.22792
 kpt#   9, nband= 15, wtk=  0.02344, kpt= -0.1250 -0.2500  0.0625 (reduced coord)
  -0.88638   -0.88634   -0.88633   -0.88571   -0.88568   -0.37445   -0.37237   -0.37229
  -0.36992   -0.36960   -0.21194    0.02543    0.10537    0.12580    0.23613
 kpt#  10, nband= 15, wtk=  0.02344, kpt= -0.0625 -0.2500  0.1250 (reduced coord)
  -0.88637   -0.88634   -0.88633   -0.88570   -0.88568   -0.37453   -0.37238   -0.37225
  -0.36985   -0.36964   -0.20609    0.00902    0.08979    0.13397    0.23385
 kpt#  11, nband= 15, wtk=  0.01172, kpt= -0.0625  0.5000  0.0000 (reduced coord)
  -0.88636   -0.88633   -0.88633   -0.88568   -0.88568   -0.37502   -0.37222   -0.37220
  -0.36968   -0.36964   -0.18498   -0.04671    0.11337    0.12305    0.19265
 kpt#  12, nband= 15, wtk=  0.01172, kpt= -0.1250 -0.4375  0.0000 (reduced coord)
  -0.88637   -0.88633   -0.88632   -0.88569   -0.88567   -0.37500   -0.37220   -0.37211
  -0.36982   -0.36960   -0.18974   -0.03180    0.09800    0.11546    0.21696
 kpt#  13, nband= 15, wtk=  0.02344, kpt= -0.0625 -0.4375  0.0625 (reduced coord)
  -0.88636   -0.88633   -0.88632   -0.88569   -0.88568   -0.37504   -0.37220   -0.37214
  -0.36974   -0.36964   -0.18588   -0.04110    0.09732    0.12071    0.20998
 kpt#  14, nband= 15, wtk=  0.01172, kpt= -0.1875 -0.3750  0.0000 (reduced coord)
  -0.88639   -0.88632   -0.88632   -0.88570   -0.88567   -0.37500   -0.37210   -0.37201
  -0.37000   -0.36956   -0.19732   -0.00827    0.09275    0.10778    0.23025
 kpt#  15, nband= 15, wtk=  0.02344, kpt= -0.1250 -0.3750  0.0625 (reduced coord)
  -0.88637   -0.88633   -0.88632   -0.88570   -0.88567   -0.37500   -0.37216   -0.37205
  -0.36991   -0.36959   -0.19293   -0.02032    0.08702    0.11409    0.23115
 kpt#  16, nband= 15, wtk=  0.02344, kpt= -0.0625 -0.3750  0.1250 (reduced coord)
  -0.88636   -0.88634   -0.88632   -0.88569   -0.88567   -0.37506   -0.37214   -0.37205
  -0.36981   -0.36966   -0.18710   -0.03187    0.07685    0.11929    0.22975
 kpt#  17, nband= 15, wtk=  0.01172, kpt= -0.2500 -0.3125  0.0000 (reduced coord)
  -0.88640   -0.88632   -0.88632   -0.88571   -0.88566   -0.37506   -0.37197   -0.37195
  -0.37012   -0.36953   -0.20225    0.00756    0.10011    0.10317    0.21855
 kpt#  18, nband= 15, wtk=  0.02344, kpt= -0.1875 -0.3125  0.0625 (reduced coord)
  -0.88639   -0.88632   -0.88632   -0.88571   -0.88566   -0.37502   -0.37205   -0.37198
  -0.37006   -0.36955   -0.19966    0.00018    0.09032    0.10769    0.23337
 kpt#  19, nband= 15, wtk=  0.02344, kpt= -0.1250 -0.3125  0.1250 (reduced coord)
  -0.88638   -0.88633   -0.88632   -0.88570   -0.88567   -0.37501   -0.37212   -0.37200
  -0.36996   -0.36959   -0.19471   -0.01135    0.07607    0.11439    0.24790
 kpt#  20, nband= 15, wtk=  0.02344, kpt= -0.0625 -0.3125  0.1875 (reduced coord)
  -0.88636   -0.88634   -0.88632   -0.88569   -0.88567   -0.37508   -0.37210   -0.37200
  -0.36985   -0.36968   -0.18793   -0.02382    0.06254    0.11846    0.24165
 kpt#  21, nband= 15, wtk=  0.01172, kpt= -0.0625  0.3750  0.0000 (reduced coord)
  -0.88636   -0.88633   -0.88633   -0.88568   -0.88568   -0.37483   -0.37229   -0.37226
  -0.36970   -0.36965   -0.19273   -0.03168    0.11305    0.12953    0.19441
 kpt#  22, nband= 15, wtk=  0.01172, kpt= -0.1250  0.4375  0.0000 (reduced coord)
  -0.88636   -0.88633   -0.88632   -0.88568   -0.88568   -0.37513   -0.37214   -0.37210
  -0.36972   -0.36967   -0.18223   -0.04593    0.08917    0.11940    0.21396
 kpt#  23, nband= 15, wtk=  0.01172, kpt= -0.1875  0.5000  0.0000 (reduced coord)
  -0.88637   -0.88633   -0.88631   -0.88569   -0.88567   -0.37530   -0.37202   -0.37190
  -0.36990   -0.36960   -0.18037   -0.04145    0.07411    0.10739    0.22700
 kpt#  24, nband= 15, wtk=  0.02344, kpt= -0.1250  0.5000  0.0625 (reduced coord)
  -0.88636   -0.88633   -0.88632   -0.88569   -0.88567   -0.37524   -0.37208   -0.37197
  -0.36981   -0.36964   -0.17956   -0.04566    0.07725    0.11127    0.22770
 kpt#  25, nband= 15, wtk=  0.01172, kpt= -0.2500 -0.4375  0.0000 (reduced coord)
  -0.88639   -0.88631   -0.88630   -0.88571   -0.88565   -0.37547   -0.37183   -0.37173
  -0.37013   -0.36953   -0.18432   -0.02795    0.07419    0.09731    0.22507
 kpt#  26, nband= 15, wtk=  0.02344, kpt= -0.1875 -0.4375  0.0625 (reduced coord)
  -0.88638   -0.88632   -0.88631   -0.88570   -0.88566   -0.37538   -0.37195   -0.37179
  -0.37001   -0.36957   -0.18148   -0.03496    0.06950    0.10067    0.23435
 kpt#  27, nband= 15, wtk=  0.02344, kpt= -0.1250 -0.4375  0.1250 (reduced coord)
  -0.88636   -0.88634   -0.88631   -0.88569   -0.88567   -0.37535   -0.37202   -0.37182
  -0.36989   -0.36965   -0.17807   -0.04159    0.06392    0.10341    0.24532
 kpt#  28, nband= 15, wtk=  0.02344, kpt= -0.0625 -0.4375  0.1875 (reduced coord)
  -0.88636   -0.88634   -0.88631   -0.88569   -0.88567   -0.37540   -0.37198   -0.37181
  -0.36987   -0.36967   -0.17487   -0.04585    0.05837    0.10492    0.23637
 kpt#  29, nband= 15, wtk=  0.01172, kpt= -0.3125 -0.3750  0.0000 (reduced coord)
  -0.88641   -0.88630   -0.88630   -0.88572   -0.88565   -0.37561   -0.37164   -0.37163
  -0.37028   -0.36948   -0.18789   -0.01954    0.08756    0.09170    0.21177
 kpt#  30, nband= 15, wtk=  0.02344, kpt= -0.2500 -0.3750  0.0625 (reduced coord)
  -0.88640   -0.88631   -0.88630   -0.88571   -0.88565   -0.37554   -0.37175   -0.37167
  -0.37020   -0.36951   -0.18591   -0.02335    0.07822    0.09306    0.22668
 kpt#  31, nband= 15, wtk=  0.02344, kpt= -0.1875 -0.3750  0.1250 (reduced coord)
  -0.88638   -0.88632   -0.88630   -0.88570   -0.88566   -0.37544   -0.37190   -0.37171
  -0.37007   -0.36957   -0.18224   -0.02985    0.06579    0.09552    0.25014
 kpt#  32, nband= 15, wtk=  0.02344, kpt= -0.1250 -0.3750  0.1875 (reduced coord)
  -0.88636   -0.88634   -0.88630   -0.88569   -0.88566   -0.37541   -0.37197   -0.37173
  -0.36995   -0.36966   -0.17748   -0.03734    0.05437    0.09922    0.25772
 kpt#  33, nband= 15, wtk=  0.02344, kpt= -0.0625 -0.3750  0.2500 (reduced coord)
  -0.88636   -0.88634   -0.88630   -0.88569   -0.88567   -0.37549   -0.37191   -0.37171
  -0.36991   -0.36970   -0.17244   -0.04420    0.04657    0.10174    0.23782
 kpt#  34, nband= 15, wtk=  0.01172, kpt= -0.0625  0.2500  0.0000 (reduced coord)
  -0.88637   -0.88635   -0.88634   -0.88569   -0.88569   -0.37421   -0.37254   -0.37246
  -0.36976   -0.36967   -0.21239    0.01616    0.12184    0.14258    0.20182
 kpt#  35, nband= 15, wtk=  0.01172, kpt= -0.1250  0.3125  0.0000 (reduced coord)
  -0.88636   -0.88633   -0.88633   -0.88569   -0.88568   -0.37478   -0.37228   -0.37221
  -0.36976   -0.36967   -0.19602   -0.01875    0.09091    0.13138    0.21698
 kpt#  36, nband= 15, wtk=  0.01172, kpt= -0.1875  0.3750  0.0000 (reduced coord)
  -0.88636   -0.88634   -0.88632   -0.88568   -0.88568   -0.37521   -0.37205   -0.37200
  -0.36977   -0.36972   -0.18071   -0.04070    0.06663    0.11645    0.22857
 kpt#  37, nband= 15, wtk=  0.01172, kpt= -0.2500  0.4375  0.0000 (reduced coord)
  -0.88637   -0.88632   -0.88631   -0.88570   -0.88566   -0.37554   -0.37186   -0.37172
  -0.36998   -0.36962   -0.17251   -0.04711    0.05494    0.10158    0.22702
 kpt#  38, nband= 15, wtk=  0.01172, kpt= -0.3125  0.5000  0.0000 (reduced coord)
  -0.88640   -0.88630   -0.88629   -0.88571   -0.88565   -0.37582   -0.37161   -0.37150
  -0.37022   -0.36951   -0.17205   -0.04442    0.06104    0.09002    0.21920
 kpt#  39, nband= 15, wtk=  0.02344, kpt= -0.2500  0.5000  0.0625 (reduced coord)
  -0.88638   -0.88632   -0.88630   -0.88570   -0.88565   -0.37568   -0.37177   -0.37158
  -0.37009   -0.36958   -0.17117   -0.04626    0.05539    0.09181    0.23095
 kpt#  40, nband= 15, wtk=  0.02344, kpt= -0.1875  0.5000  0.1250 (reduced coord)
  -0.88636   -0.88634   -0.88630   -0.88570   -0.88566   -0.37557   -0.37190   -0.37162
  -0.36997   -0.36965   -0.17053   -0.04763    0.05310    0.09070    0.25282
 kpt#  41, nband= 15, wtk=  0.01172, kpt= -0.3750 -0.4375  0.0000 (reduced coord)
  -0.88642   -0.88629   -0.88629   -0.88572   -0.88564   -0.37602   -0.37139   -0.37137
  -0.37040   -0.36944   -0.17383   -0.04223    0.07895    0.08378    0.20882
 kpt#  42, nband= 15, wtk=  0.02344, kpt= -0.3125 -0.4375  0.0625 (reduced coord)
  -0.88641   -0.88630   -0.88629   -0.88572   -0.88564   -0.37592   -0.37152   -0.37142
  -0.37031   -0.36948   -0.17266   -0.04320    0.06972    0.08304    0.22216
 kpt#  43, nband= 15, wtk=  0.02344, kpt= -0.2500 -0.4375  0.1250 (reduced coord)
  -0.88639   -0.88632   -0.88629   -0.88571   -0.88565   -0.37577   -0.37171   -0.37148
  -0.37016   -0.36956   -0.17064   -0.04509    0.05941    0.08082    0.24673
 kpt#  44, nband= 15, wtk=  0.02344, kpt= -0.1875 -0.4375  0.1875 (reduced coord)
  -0.88637   -0.88634   -0.88629   -0.88570   -0.88566   -0.37566   -0.37185   -0.37151
  -0.37003   -0.36965   -0.16829   -0.04765    0.05094    0.08098    0.27179
 kpt#  45, nband= 15, wtk=  0.02344, kpt= -0.1250 -0.4375  0.2500 (reduced coord)
  -0.88636   -0.88634   -0.88629   -0.88570   -0.88566   -0.37569   -0.37183   -0.37150
  -0.37002   -0.36966   -0.16620   -0.05036    0.04651    0.08407    0.25327
 kpt#  46, nband= 15, wtk=  0.02344, kpt= -0.0625 -0.4375  0.3125 (reduced coord)
  -0.88639   -0.88631   -0.88629   -0.88570   -0.88565   -0.37584   -0.37167   -0.37145
  -0.37014   -0.36959   -0.16475   -0.05275    0.04753    0.08743    0.22816
 kpt#  47, nband= 15, wtk=  0.01172, kpt= -0.0625  0.1250  0.0000 (reduced coord)
  -0.88637   -0.88636   -0.88636   -0.88570   -0.88570   -0.37350   -0.37284   -0.37275
  -0.36974   -0.36968   -0.22854    0.07704    0.13907    0.15696    0.20530
 kpt#  48, nband= 15, wtk=  0.01172, kpt= -0.1250  0.1875  0.0000 (reduced coord)
  -0.88637   -0.88635   -0.88634   -0.88570   -0.88569   -0.37413   -0.37259   -0.37243
  -0.36979   -0.36967   -0.21531    0.03042    0.10594    0.14721    0.22105
 kpt#  49, nband= 15, wtk=  0.01172, kpt= -0.1875  0.2500  0.0000 (reduced coord)
  -0.88636   -0.88634   -0.88633   -0.88569   -0.88568   -0.37476   -0.37227   -0.37217
  -0.36981   -0.36968   -0.19785   -0.00803    0.07474    0.13224    0.23257
 kpt#  50, nband= 15, wtk=  0.01172, kpt= -0.2500  0.3125  0.0000 (reduced coord)
  -0.88635   -0.88634   -0.88632   -0.88568   -0.88567   -0.37526   -0.37198   -0.37192
  -0.36980   -0.36975   -0.18013   -0.03516    0.05222    0.11482    0.23363
 kpt#  51, nband= 15, wtk=  0.01172, kpt= -0.3125  0.3750  0.0000 (reduced coord)
  -0.88637   -0.88632   -0.88630   -0.88570   -0.88566   -0.37566   -0.37177   -0.37161
  -0.37002   -0.36964   -0.16797   -0.04943    0.04400    0.09856    0.22518
 kpt#  52, nband= 15, wtk=  0.01172, kpt= -0.3750  0.4375  0.0000 (reduced coord)
  -0.88640   -0.88630   -0.88629   -0.88571   -0.88564   -0.37601   -0.37150   -0.37136
  -0.37028   -0.36951   -0.16399   -0.05453    0.05426    0.08629    0.21585
 kpt#  53, nband= 15, wtk=  0.01172, kpt= -0.4375  0.5000  0.0000 (reduced coord)
  -0.88642   -0.88628   -0.88628   -0.88572   -0.88563   -0.37624   -0.37126   -0.37124
  -0.37047   -0.36942   -0.16413   -0.05630    0.07458    0.07975    0.20944
 kpt#  54, nband= 15, wtk=  0.02344, kpt= -0.3750  0.5000  0.0625 (reduced coord)
  -0.88641   -0.88629   -0.88628   -0.88572   -0.88564   -0.37612   -0.37140   -0.37129
  -0.37037   -0.36947   -0.16372   -0.05549    0.06532    0.07800    0.22021
 kpt#  55, nband= 15, wtk=  0.02344, kpt= -0.3125  0.5000  0.1250 (reduced coord)
  -0.88639   -0.88631   -0.88628   -0.88571   -0.88565   -0.37594   -0.37161   -0.37135
  -0.37021   -0.36956   -0.16311   -0.05431    0.05674    0.07250    0.24439
 kpt#  56, nband= 15, wtk=  0.02344, kpt= -0.2500  0.5000  0.1875 (reduced coord)
  -0.88637   -0.88634   -0.88628   -0.88570   -0.88565   -0.37580   -0.37177   -0.37139
  -0.37007   -0.36965   -0.16268   -0.05343    0.05183    0.06829    0.27528
 kpt#  57, nband= 15, wtk=  0.00391, kpt= -0.0625  0.0000  0.0000 (reduced coord)
  -0.88637   -0.88637   -0.88637   -0.88570   -0.88570   -0.37309   -0.37298   -0.37298
  -0.36969   -0.36969   -0.23555    0.12542    0.16127    0.16127    0.18263
 kpt#  58, nband= 15, wtk=  0.00391, kpt= -0.1875  0.0000  0.0000 (reduced coord)
  -0.88637   -0.88636   -0.88636   -0.88570   -0.88570   -0.37364   -0.37274   -0.37274
  -0.36971   -0.36971   -0.22516    0.05868    0.14830    0.14830    0.19597
 kpt#  59, nband= 15, wtk=  0.00391, kpt= -0.3125  0.0000  0.0000 (reduced coord)
  -0.88637   -0.88634   -0.88634   -0.88569   -0.88569   -0.37439   -0.37245   -0.37245
  -0.36970   -0.36970   -0.20678   -0.00173    0.13456    0.13456    0.18693
 kpt#  60, nband= 15, wtk=  0.00391, kpt= -0.4375  0.0000  0.0000 (reduced coord)
  -0.88637   -0.88633   -0.88633   -0.88568   -0.88568   -0.37491   -0.37227   -0.37227
  -0.36965   -0.36965   -0.18874   -0.04175    0.12665    0.12665    0.18024
