 Fermi (or HOMO) energy (hartree) =   0.15577   Average Vxc (hartree)=  -0.34921
 Eigenvalues (hartree) for nkpt=  10  k points:
 kpt#   1, nband= 15, wtk=  0.09375, kpt= -0.1250 -0.2500  0.0000 (reduced coord)
  -0.88622   -0.88618   -0.88618   -0.88554   -0.88552   -0.37412   -0.37247   -0.37242
  -0.36984   -0.36959   -0.21786    0.04066    0.12508    0.12673    0.22861
 kpt#   2, nband= 15, wtk=  0.09375, kpt= -0.1250  0.5000  0.0000 (reduced coord)
  -0.88620   -0.88617   -0.88616   -0.88553   -0.88551   -0.37509   -0.37212   -0.37205
  -0.36974   -0.36960   -0.18307   -0.04405    0.09253    0.11646    0.21483
 kpt#   3, nband= 15, wtk=  0.09375, kpt= -0.2500 -0.3750  0.0000 (reduced coord)
  -0.88624   -0.88615   -0.88615   -0.88555   -0.88549   -0.37527   -0.37184   -0.37179
  -0.37012   -0.36949   -0.19333   -0.01077    0.08747    0.09915    0.22351
 kpt#   4, nband= 15, wtk=  0.18750, kpt= -0.1250 -0.3750  0.1250 (reduced coord)
  -0.88621   -0.88617   -0.88615   -0.88554   -0.88550   -0.37518   -0.37203   -0.37186
  -0.36991   -0.36959   -0.18526   -0.02872    0.06832    0.10806    0.24678
 kpt#   5, nband= 15, wtk=  0.09375, kpt= -0.1250  0.2500  0.0000 (reduced coord)
  -0.88621   -0.88618   -0.88617   -0.88553   -0.88552   -0.37445   -0.37240   -0.37228
  -0.36977   -0.36964   -0.20584    0.00472    0.09663    0.13943    0.21987
 kpt#   6, nband= 15, wtk=  0.09375, kpt= -0.2500  0.3750  0.0000 (reduced coord)
  -0.88620   -0.88617   -0.88614   -0.88552   -0.88550   -0.37541   -0.37189   -0.37177
  -0.36986   -0.36967   -0.17377   -0.04466    0.05114    0.10741    0.23009
 kpt#   7, nband= 15, wtk=  0.09375, kpt= -0.3750  0.5000  0.0000 (reduced coord)
  -0.88626   -0.88612   -0.88611   -0.88555   -0.88547   -0.37604   -0.37138   -0.37131
  -0.37034   -0.36944   -0.16741   -0.05053    0.06675    0.08385    0.21337
 kpt#   8, nband= 15, wtk=  0.18750, kpt= -0.2500  0.5000  0.1250 (reduced coord)
  -0.88622   -0.88616   -0.88612   -0.88554   -0.88549   -0.37573   -0.37173   -0.37143
  -0.37007   -0.36959   -0.16605   -0.05045    0.05132    0.08060    0.24964
 kpt#   9, nband= 15, wtk=  0.03125, kpt= -0.1250  0.0000  0.0000 (reduced coord)
  -0.88621   -0.88620   -0.88620   -0.88554   -0.88554   -0.37328   -0.37285   -0.37285
  -0.36968   -0.36968   -0.23145    0.09231    0.15577    0.15577    0.19516
 kpt#  10, nband= 15, wtk=  0.03125, kpt= -0.3750  0.0000  0.0000 (reduced coord)
  -0.88620   -0.88617   -0.88617   -0.88552   -0.88552   -0.37468   -0.37231   -0.37231
  -0.36965   -0.36965   -0.19661   -0.02532    0.12985    0.12985    0.18299
