
 **** DERIVATIVE DATABASE ****    
+DDB, Version number    100401

  Note : temporary (transfer) database

    usepaw         0
     natom         2
      nkpt       256
    nsppol         1
      nsym        24
    ntypat         2
    occopt         1
     nband        14
     acell  0.12181502674000D+02  0.12181502674000D+02  0.12181502674000D+02
       amu  0.11482000000000D+03  0.12175300000000D+03
   dilatmx  0.10000000000000D+01
      ecut  0.42000000000000D+02
    ecutsm  0.00000000000000D+00
     intxc         0
      iscf         7
       ixc     -1012
       kpt -0.12500000000000D+00 -0.25000000000000D+00  0.00000000000000D+00
           -0.25000000000000D+00 -0.12500000000000D+00  0.00000000000000D+00
           -0.12500000000000D+00 -0.12500000000000D+00  0.12500000000000D+00
           -0.12500000000000D+00  0.50000000000000D+00  0.00000000000000D+00
           -0.25000000000000D+00 -0.37500000000000D+00  0.00000000000000D+00
           -0.12500000000000D+00 -0.37500000000000D+00  0.12500000000000D+00
           -0.37500000000000D+00 -0.25000000000000D+00  0.00000000000000D+00
           -0.25000000000000D+00 -0.25000000000000D+00  0.12500000000000D+00
           -0.12500000000000D+00 -0.25000000000000D+00  0.25000000000000D+00
            0.50000000000000D+00 -0.12500000000000D+00  0.00000000000000D+00
           -0.37500000000000D+00 -0.12500000000000D+00  0.12500000000000D+00
           -0.25000000000000D+00 -0.12500000000000D+00  0.25000000000000D+00
           -0.12500000000000D+00 -0.12500000000000D+00  0.37500000000000D+00
           -0.12500000000000D+00  0.25000000000000D+00  0.00000000000000D+00
           -0.25000000000000D+00  0.37500000000000D+00  0.00000000000000D+00
           -0.12500000000000D+00  0.37500000000000D+00  0.12500000000000D+00
           -0.37500000000000D+00  0.50000000000000D+00  0.00000000000000D+00
           -0.25000000000000D+00  0.50000000000000D+00  0.12500000000000D+00
           -0.12500000000000D+00  0.50000000000000D+00  0.25000000000000D+00
            0.50000000000000D+00 -0.37500000000000D+00  0.00000000000000D+00
           -0.37500000000000D+00 -0.37500000000000D+00  0.12500000000000D+00
           -0.25000000000000D+00 -0.37500000000000D+00  0.25000000000000D+00
           -0.12500000000000D+00 -0.37500000000000D+00  0.37500000000000D+00
            0.37500000000000D+00 -0.25000000000000D+00  0.00000000000000D+00
            0.50000000000000D+00 -0.25000000000000D+00  0.12500000000000D+00
           -0.37500000000000D+00 -0.25000000000000D+00  0.25000000000000D+00
           -0.25000000000000D+00 -0.25000000000000D+00  0.37500000000000D+00
           -0.12500000000000D+00 -0.25000000000000D+00  0.50000000000000D+00
            0.25000000000000D+00 -0.12500000000000D+00  0.00000000000000D+00
            0.37500000000000D+00 -0.12500000000000D+00  0.12500000000000D+00
            0.50000000000000D+00 -0.12500000000000D+00  0.25000000000000D+00
           -0.37500000000000D+00 -0.12500000000000D+00  0.37500000000000D+00
           -0.25000000000000D+00 -0.12500000000000D+00  0.50000000000000D+00
           -0.12500000000000D+00 -0.12500000000000D+00 -0.37500000000000D+00
           -0.12500000000000D+00  0.00000000000000D+00  0.00000000000000D+00
           -0.25000000000000D+00  0.12500000000000D+00  0.00000000000000D+00
           -0.12500000000000D+00  0.12500000000000D+00  0.12500000000000D+00
           -0.37500000000000D+00  0.25000000000000D+00  0.00000000000000D+00
           -0.25000000000000D+00  0.25000000000000D+00  0.12500000000000D+00
           -0.12500000000000D+00  0.25000000000000D+00  0.25000000000000D+00
            0.50000000000000D+00  0.37500000000000D+00  0.00000000000000D+00
           -0.37500000000000D+00  0.37500000000000D+00  0.12500000000000D+00
           -0.25000000000000D+00  0.37500000000000D+00  0.25000000000000D+00
           -0.12500000000000D+00  0.37500000000000D+00  0.37500000000000D+00
            0.37500000000000D+00  0.50000000000000D+00  0.00000000000000D+00
            0.50000000000000D+00  0.50000000000000D+00  0.12500000000000D+00
           -0.37500000000000D+00  0.50000000000000D+00  0.25000000000000D+00
           -0.25000000000000D+00  0.50000000000000D+00  0.37500000000000D+00
           -0.12500000000000D+00  0.50000000000000D+00  0.50000000000000D+00
            0.25000000000000D+00 -0.37500000000000D+00  0.00000000000000D+00
            0.37500000000000D+00 -0.37500000000000D+00  0.12500000000000D+00
            0.50000000000000D+00 -0.37500000000000D+00  0.25000000000000D+00
           -0.37500000000000D+00 -0.37500000000000D+00  0.37500000000000D+00
           -0.25000000000000D+00 -0.37500000000000D+00  0.50000000000000D+00
           -0.12500000000000D+00 -0.37500000000000D+00 -0.37500000000000D+00
            0.12500000000000D+00 -0.25000000000000D+00  0.00000000000000D+00
            0.25000000000000D+00 -0.25000000000000D+00  0.12500000000000D+00
            0.37500000000000D+00 -0.25000000000000D+00  0.25000000000000D+00
            0.50000000000000D+00 -0.25000000000000D+00  0.37500000000000D+00
           -0.37500000000000D+00 -0.25000000000000D+00  0.50000000000000D+00
           -0.25000000000000D+00 -0.25000000000000D+00 -0.37500000000000D+00
           -0.12500000000000D+00 -0.25000000000000D+00 -0.25000000000000D+00
            0.00000000000000D+00 -0.12500000000000D+00  0.00000000000000D+00
            0.12500000000000D+00 -0.12500000000000D+00  0.12500000000000D+00
            0.25000000000000D+00 -0.12500000000000D+00  0.25000000000000D+00
            0.37500000000000D+00 -0.12500000000000D+00  0.37500000000000D+00
            0.50000000000000D+00 -0.12500000000000D+00  0.50000000000000D+00
           -0.37500000000000D+00 -0.12500000000000D+00 -0.37500000000000D+00
           -0.25000000000000D+00 -0.12500000000000D+00 -0.25000000000000D+00
           -0.12500000000000D+00 -0.12500000000000D+00 -0.12500000000000D+00
           -0.37500000000000D+00  0.00000000000000D+00  0.00000000000000D+00
           -0.25000000000000D+00  0.00000000000000D+00  0.12500000000000D+00
           -0.12500000000000D+00  0.00000000000000D+00  0.25000000000000D+00
            0.50000000000000D+00  0.12500000000000D+00  0.00000000000000D+00
           -0.37500000000000D+00  0.12500000000000D+00  0.12500000000000D+00
           -0.25000000000000D+00  0.12500000000000D+00  0.25000000000000D+00
           -0.12500000000000D+00  0.12500000000000D+00  0.37500000000000D+00
            0.37500000000000D+00  0.25000000000000D+00  0.00000000000000D+00
            0.50000000000000D+00  0.25000000000000D+00  0.12500000000000D+00
           -0.37500000000000D+00  0.25000000000000D+00  0.25000000000000D+00
           -0.25000000000000D+00  0.25000000000000D+00  0.37500000000000D+00
           -0.12500000000000D+00  0.25000000000000D+00  0.50000000000000D+00
            0.25000000000000D+00  0.37500000000000D+00  0.00000000000000D+00
            0.37500000000000D+00  0.37500000000000D+00  0.12500000000000D+00
            0.50000000000000D+00  0.37500000000000D+00  0.25000000000000D+00
           -0.37500000000000D+00  0.37500000000000D+00  0.37500000000000D+00
           -0.25000000000000D+00  0.37500000000000D+00  0.50000000000000D+00
           -0.12500000000000D+00  0.37500000000000D+00 -0.37500000000000D+00
            0.12500000000000D+00  0.50000000000000D+00  0.00000000000000D+00
            0.25000000000000D+00  0.50000000000000D+00  0.12500000000000D+00
            0.37500000000000D+00  0.50000000000000D+00  0.25000000000000D+00
            0.50000000000000D+00  0.50000000000000D+00  0.37500000000000D+00
           -0.37500000000000D+00  0.50000000000000D+00  0.50000000000000D+00
           -0.25000000000000D+00  0.50000000000000D+00 -0.37500000000000D+00
           -0.12500000000000D+00  0.50000000000000D+00 -0.25000000000000D+00
            0.00000000000000D+00 -0.37500000000000D+00  0.00000000000000D+00
            0.12500000000000D+00 -0.37500000000000D+00  0.12500000000000D+00
            0.25000000000000D+00 -0.37500000000000D+00  0.25000000000000D+00
            0.37500000000000D+00 -0.37500000000000D+00  0.37500000000000D+00
            0.50000000000000D+00 -0.37500000000000D+00  0.50000000000000D+00
           -0.37500000000000D+00 -0.37500000000000D+00 -0.37500000000000D+00
           -0.25000000000000D+00 -0.37500000000000D+00 -0.25000000000000D+00
           -0.12500000000000D+00 -0.37500000000000D+00 -0.12500000000000D+00
            0.00000000000000D+00 -0.25000000000000D+00  0.12500000000000D+00
            0.12500000000000D+00 -0.25000000000000D+00  0.25000000000000D+00
            0.25000000000000D+00 -0.25000000000000D+00  0.37500000000000D+00
            0.37500000000000D+00 -0.25000000000000D+00  0.50000000000000D+00
            0.50000000000000D+00 -0.25000000000000D+00 -0.37500000000000D+00
           -0.37500000000000D+00 -0.25000000000000D+00 -0.25000000000000D+00
           -0.25000000000000D+00 -0.25000000000000D+00 -0.12500000000000D+00
            0.00000000000000D+00 -0.12500000000000D+00  0.25000000000000D+00
            0.12500000000000D+00 -0.12500000000000D+00  0.37500000000000D+00
            0.25000000000000D+00 -0.12500000000000D+00  0.50000000000000D+00
            0.37500000000000D+00 -0.12500000000000D+00 -0.37500000000000D+00
            0.50000000000000D+00 -0.12500000000000D+00 -0.25000000000000D+00
           -0.37500000000000D+00 -0.12500000000000D+00 -0.12500000000000D+00
            0.37500000000000D+00  0.00000000000000D+00  0.00000000000000D+00
            0.50000000000000D+00  0.00000000000000D+00  0.12500000000000D+00
           -0.37500000000000D+00  0.00000000000000D+00  0.25000000000000D+00
           -0.25000000000000D+00  0.00000000000000D+00  0.37500000000000D+00
           -0.12500000000000D+00  0.00000000000000D+00  0.50000000000000D+00
            0.25000000000000D+00  0.12500000000000D+00  0.00000000000000D+00
            0.37500000000000D+00  0.12500000000000D+00  0.12500000000000D+00
            0.50000000000000D+00  0.12500000000000D+00  0.25000000000000D+00
           -0.37500000000000D+00  0.12500000000000D+00  0.37500000000000D+00
           -0.25000000000000D+00  0.12500000000000D+00  0.50000000000000D+00
           -0.12500000000000D+00  0.12500000000000D+00 -0.37500000000000D+00
            0.12500000000000D+00  0.25000000000000D+00  0.00000000000000D+00
            0.25000000000000D+00  0.25000000000000D+00  0.12500000000000D+00
            0.37500000000000D+00  0.25000000000000D+00  0.25000000000000D+00
            0.50000000000000D+00  0.25000000000000D+00  0.37500000000000D+00
           -0.37500000000000D+00  0.25000000000000D+00  0.50000000000000D+00
           -0.25000000000000D+00  0.25000000000000D+00 -0.37500000000000D+00
           -0.12500000000000D+00  0.25000000000000D+00 -0.25000000000000D+00
            0.00000000000000D+00  0.37500000000000D+00  0.00000000000000D+00
            0.12500000000000D+00  0.37500000000000D+00  0.12500000000000D+00
            0.25000000000000D+00  0.37500000000000D+00  0.25000000000000D+00
            0.37500000000000D+00  0.37500000000000D+00  0.37500000000000D+00
            0.50000000000000D+00  0.37500000000000D+00  0.50000000000000D+00
           -0.37500000000000D+00  0.37500000000000D+00 -0.37500000000000D+00
           -0.25000000000000D+00  0.37500000000000D+00 -0.25000000000000D+00
           -0.12500000000000D+00  0.37500000000000D+00 -0.12500000000000D+00
            0.00000000000000D+00  0.50000000000000D+00  0.12500000000000D+00
            0.12500000000000D+00  0.50000000000000D+00  0.25000000000000D+00
            0.25000000000000D+00  0.50000000000000D+00  0.37500000000000D+00
            0.37500000000000D+00  0.50000000000000D+00  0.50000000000000D+00
            0.50000000000000D+00  0.50000000000000D+00 -0.37500000000000D+00
           -0.37500000000000D+00  0.50000000000000D+00 -0.25000000000000D+00
           -0.25000000000000D+00  0.50000000000000D+00 -0.12500000000000D+00
            0.00000000000000D+00 -0.37500000000000D+00  0.25000000000000D+00
            0.12500000000000D+00 -0.37500000000000D+00  0.37500000000000D+00
            0.25000000000000D+00 -0.37500000000000D+00  0.50000000000000D+00
            0.37500000000000D+00 -0.37500000000000D+00 -0.37500000000000D+00
            0.50000000000000D+00 -0.37500000000000D+00 -0.25000000000000D+00
           -0.37500000000000D+00 -0.37500000000000D+00 -0.12500000000000D+00
            0.00000000000000D+00 -0.25000000000000D+00  0.37500000000000D+00
            0.12500000000000D+00 -0.25000000000000D+00  0.50000000000000D+00
            0.25000000000000D+00 -0.25000000000000D+00 -0.37500000000000D+00
            0.37500000000000D+00 -0.25000000000000D+00 -0.25000000000000D+00
            0.50000000000000D+00 -0.25000000000000D+00 -0.12500000000000D+00
            0.00000000000000D+00 -0.12500000000000D+00  0.50000000000000D+00
            0.12500000000000D+00 -0.12500000000000D+00 -0.37500000000000D+00
            0.25000000000000D+00 -0.12500000000000D+00 -0.25000000000000D+00
            0.37500000000000D+00 -0.12500000000000D+00 -0.12500000000000D+00
            0.12500000000000D+00  0.00000000000000D+00  0.00000000000000D+00
            0.25000000000000D+00  0.00000000000000D+00  0.12500000000000D+00
            0.37500000000000D+00  0.00000000000000D+00  0.25000000000000D+00
            0.50000000000000D+00  0.00000000000000D+00  0.37500000000000D+00
           -0.37500000000000D+00  0.00000000000000D+00  0.50000000000000D+00
           -0.25000000000000D+00  0.00000000000000D+00 -0.37500000000000D+00
           -0.12500000000000D+00  0.00000000000000D+00 -0.25000000000000D+00
            0.00000000000000D+00  0.12500000000000D+00  0.00000000000000D+00
            0.12500000000000D+00  0.12500000000000D+00  0.12500000000000D+00
            0.25000000000000D+00  0.12500000000000D+00  0.25000000000000D+00
            0.37500000000000D+00  0.12500000000000D+00  0.37500000000000D+00
            0.50000000000000D+00  0.12500000000000D+00  0.50000000000000D+00
           -0.37500000000000D+00  0.12500000000000D+00 -0.37500000000000D+00
           -0.25000000000000D+00  0.12500000000000D+00 -0.25000000000000D+00
           -0.12500000000000D+00  0.12500000000000D+00 -0.12500000000000D+00
            0.00000000000000D+00  0.25000000000000D+00  0.12500000000000D+00
            0.12500000000000D+00  0.25000000000000D+00  0.25000000000000D+00
            0.25000000000000D+00  0.25000000000000D+00  0.37500000000000D+00
            0.37500000000000D+00  0.25000000000000D+00  0.50000000000000D+00
            0.50000000000000D+00  0.25000000000000D+00 -0.37500000000000D+00
           -0.37500000000000D+00  0.25000000000000D+00 -0.25000000000000D+00
           -0.25000000000000D+00  0.25000000000000D+00 -0.12500000000000D+00
            0.00000000000000D+00  0.37500000000000D+00  0.25000000000000D+00
            0.12500000000000D+00  0.37500000000000D+00  0.37500000000000D+00
            0.25000000000000D+00  0.37500000000000D+00  0.50000000000000D+00
            0.37500000000000D+00  0.37500000000000D+00 -0.37500000000000D+00
            0.50000000000000D+00  0.37500000000000D+00 -0.25000000000000D+00
           -0.37500000000000D+00  0.37500000000000D+00 -0.12500000000000D+00
            0.00000000000000D+00  0.50000000000000D+00  0.37500000000000D+00
            0.12500000000000D+00  0.50000000000000D+00  0.50000000000000D+00
            0.25000000000000D+00  0.50000000000000D+00 -0.37500000000000D+00
            0.37500000000000D+00  0.50000000000000D+00 -0.25000000000000D+00
            0.50000000000000D+00  0.50000000000000D+00 -0.12500000000000D+00
            0.00000000000000D+00 -0.37500000000000D+00  0.50000000000000D+00
            0.12500000000000D+00 -0.37500000000000D+00 -0.37500000000000D+00
            0.25000000000000D+00 -0.37500000000000D+00 -0.25000000000000D+00
            0.37500000000000D+00 -0.37500000000000D+00 -0.12500000000000D+00
            0.00000000000000D+00 -0.25000000000000D+00 -0.37500000000000D+00
            0.12500000000000D+00 -0.25000000000000D+00 -0.25000000000000D+00
            0.25000000000000D+00 -0.25000000000000D+00 -0.12500000000000D+00
            0.00000000000000D+00 -0.12500000000000D+00 -0.25000000000000D+00
            0.12500000000000D+00 -0.12500000000000D+00 -0.12500000000000D+00
            0.00000000000000D+00  0.00000000000000D+00  0.12500000000000D+00
            0.12500000000000D+00  0.00000000000000D+00  0.25000000000000D+00
            0.25000000000000D+00  0.00000000000000D+00  0.37500000000000D+00
            0.37500000000000D+00  0.00000000000000D+00  0.50000000000000D+00
            0.50000000000000D+00  0.00000000000000D+00 -0.37500000000000D+00
           -0.37500000000000D+00  0.00000000000000D+00 -0.25000000000000D+00
           -0.25000000000000D+00  0.00000000000000D+00 -0.12500000000000D+00
            0.00000000000000D+00  0.12500000000000D+00  0.25000000000000D+00
            0.12500000000000D+00  0.12500000000000D+00  0.37500000000000D+00
            0.25000000000000D+00  0.12500000000000D+00  0.50000000000000D+00
            0.37500000000000D+00  0.12500000000000D+00 -0.37500000000000D+00
            0.50000000000000D+00  0.12500000000000D+00 -0.25000000000000D+00
           -0.37500000000000D+00  0.12500000000000D+00 -0.12500000000000D+00
            0.00000000000000D+00  0.25000000000000D+00  0.37500000000000D+00
            0.12500000000000D+00  0.25000000000000D+00  0.50000000000000D+00
            0.25000000000000D+00  0.25000000000000D+00 -0.37500000000000D+00
            0.37500000000000D+00  0.25000000000000D+00 -0.25000000000000D+00
            0.50000000000000D+00  0.25000000000000D+00 -0.12500000000000D+00
            0.00000000000000D+00  0.37500000000000D+00  0.50000000000000D+00
            0.12500000000000D+00  0.37500000000000D+00 -0.37500000000000D+00
            0.25000000000000D+00  0.37500000000000D+00 -0.25000000000000D+00
            0.37500000000000D+00  0.37500000000000D+00 -0.12500000000000D+00
            0.00000000000000D+00  0.50000000000000D+00 -0.37500000000000D+00
            0.12500000000000D+00  0.50000000000000D+00 -0.25000000000000D+00
            0.25000000000000D+00  0.50000000000000D+00 -0.12500000000000D+00
            0.00000000000000D+00 -0.37500000000000D+00 -0.25000000000000D+00
            0.12500000000000D+00 -0.37500000000000D+00 -0.12500000000000D+00
            0.00000000000000D+00 -0.25000000000000D+00 -0.12500000000000D+00
            0.00000000000000D+00  0.00000000000000D+00  0.37500000000000D+00
            0.12500000000000D+00  0.00000000000000D+00  0.50000000000000D+00
            0.25000000000000D+00  0.00000000000000D+00 -0.37500000000000D+00
            0.37500000000000D+00  0.00000000000000D+00 -0.25000000000000D+00
            0.50000000000000D+00  0.00000000000000D+00 -0.12500000000000D+00
            0.00000000000000D+00  0.12500000000000D+00  0.50000000000000D+00
            0.12500000000000D+00  0.12500000000000D+00 -0.37500000000000D+00
            0.25000000000000D+00  0.12500000000000D+00 -0.25000000000000D+00
            0.37500000000000D+00  0.12500000000000D+00 -0.12500000000000D+00
            0.00000000000000D+00  0.25000000000000D+00 -0.37500000000000D+00
            0.12500000000000D+00  0.25000000000000D+00 -0.25000000000000D+00
            0.25000000000000D+00  0.25000000000000D+00 -0.12500000000000D+00
            0.00000000000000D+00  0.37500000000000D+00 -0.25000000000000D+00
            0.12500000000000D+00  0.37500000000000D+00 -0.12500000000000D+00
            0.00000000000000D+00  0.50000000000000D+00 -0.12500000000000D+00
            0.00000000000000D+00  0.00000000000000D+00 -0.37500000000000D+00
            0.12500000000000D+00  0.00000000000000D+00 -0.25000000000000D+00
            0.25000000000000D+00  0.00000000000000D+00 -0.12500000000000D+00
            0.00000000000000D+00  0.12500000000000D+00 -0.25000000000000D+00
            0.12500000000000D+00  0.12500000000000D+00 -0.12500000000000D+00
            0.00000000000000D+00  0.25000000000000D+00 -0.12500000000000D+00
            0.00000000000000D+00  0.00000000000000D+00 -0.12500000000000D+00
    kptnrm  0.10000000000000D+01
     ngfft        54   54   54
    nspden         1
   nspinor         1
       occ  0.20000000000000D+01  0.20000000000000D+01  0.20000000000000D+01
            0.20000000000000D+01  0.20000000000000D+01  0.20000000000000D+01
            0.20000000000000D+01  0.20000000000000D+01  0.20000000000000D+01
            0.20000000000000D+01  0.20000000000000D+01  0.20000000000000D+01
            0.20000000000000D+01  0.20000000000000D+01
     rprim  0.00000000000000D+00  0.50000000000000D+00  0.50000000000000D+00
            0.50000000000000D+00  0.00000000000000D+00  0.50000000000000D+00
            0.50000000000000D+00  0.50000000000000D+00  0.00000000000000D+00
  dfpt_sciss  0.00000000000000D+00
    spinat  0.00000000000000D+00  0.00000000000000D+00  0.00000000000000D+00
            0.00000000000000D+00  0.00000000000000D+00  0.00000000000000D+00
    symafm         1    1    1    1    1    1    1    1    1    1    1    1
                   1    1    1    1    1    1    1    1    1    1    1    1
    symrel         1    0    0    0    1    0    0    0    1
                   0   -1    1    0   -1    0    1   -1    0
                  -1    0    0   -1    0    1   -1    1    0
                   0    1   -1    1    0   -1    0    0   -1
                  -1    0    0   -1    1    0   -1    0    1
                   0   -1    1    1   -1    0    0   -1    0
                   1    0    0    0    0    1    0    1    0
                   0    1   -1    0    0   -1    1    0   -1
                  -1    0    1   -1    1    0   -1    0    0
                   0   -1    0    1   -1    0    0   -1    1
                   1    0   -1    0    0   -1    0    1   -1
                   0    1    0    0    0    1    1    0    0
                   1    0   -1    0    1   -1    0    0   -1
                   0   -1    0    0   -1    1    1   -1    0
                  -1    0    1   -1    0    0   -1    1    0
                   0    1    0    1    0    0    0    0    1
                   0    0   -1    0    1   -1    1    0   -1
                   1   -1    0    0   -1    1    0   -1    0
                   0    0    1    1    0    0    0    1    0
                  -1    1    0   -1    0    0   -1    0    1
                   0    0    1    0    1    0    1    0    0
                   1   -1    0    0   -1    0    0   -1    1
                   0    0   -1    1    0   -1    0    1   -1
                  -1    1    0   -1    0    1   -1    0    0
     tnons  0.00000000000000D+00  0.00000000000000D+00  0.00000000000000D+00
            0.00000000000000D+00  0.00000000000000D+00  0.00000000000000D+00
            0.00000000000000D+00  0.00000000000000D+00  0.00000000000000D+00
            0.00000000000000D+00  0.00000000000000D+00  0.00000000000000D+00
            0.00000000000000D+00  0.00000000000000D+00  0.00000000000000D+00
            0.00000000000000D+00  0.00000000000000D+00  0.00000000000000D+00
            0.00000000000000D+00  0.00000000000000D+00  0.00000000000000D+00
            0.00000000000000D+00  0.00000000000000D+00  0.00000000000000D+00
            0.00000000000000D+00  0.00000000000000D+00  0.00000000000000D+00
            0.00000000000000D+00  0.00000000000000D+00  0.00000000000000D+00
            0.00000000000000D+00  0.00000000000000D+00  0.00000000000000D+00
            0.00000000000000D+00  0.00000000000000D+00  0.00000000000000D+00
            0.00000000000000D+00  0.00000000000000D+00  0.00000000000000D+00
            0.00000000000000D+00  0.00000000000000D+00  0.00000000000000D+00
            0.00000000000000D+00  0.00000000000000D+00  0.00000000000000D+00
            0.00000000000000D+00  0.00000000000000D+00  0.00000000000000D+00
            0.00000000000000D+00  0.00000000000000D+00  0.00000000000000D+00
            0.00000000000000D+00  0.00000000000000D+00  0.00000000000000D+00
            0.00000000000000D+00  0.00000000000000D+00  0.00000000000000D+00
            0.00000000000000D+00  0.00000000000000D+00  0.00000000000000D+00
            0.00000000000000D+00  0.00000000000000D+00  0.00000000000000D+00
            0.00000000000000D+00  0.00000000000000D+00  0.00000000000000D+00
            0.00000000000000D+00  0.00000000000000D+00  0.00000000000000D+00
            0.00000000000000D+00  0.00000000000000D+00  0.00000000000000D+00
    tolwfr  0.10000000000000D+01
   tphysel  0.00000000000000D+00
    tsmear  0.10000000000000D-01
     typat         1    2
       wtk  0.39062500000000D-02  0.39062500000000D-02  0.39062500000000D-02
            0.39062500000000D-02  0.39062500000000D-02  0.39062500000000D-02
            0.39062500000000D-02  0.39062500000000D-02  0.39062500000000D-02
            0.39062500000000D-02  0.39062500000000D-02  0.39062500000000D-02
            0.39062500000000D-02  0.39062500000000D-02  0.39062500000000D-02
            0.39062500000000D-02  0.39062500000000D-02  0.39062500000000D-02
            0.39062500000000D-02  0.39062500000000D-02  0.39062500000000D-02
            0.39062500000000D-02  0.39062500000000D-02  0.39062500000000D-02
            0.39062500000000D-02  0.39062500000000D-02  0.39062500000000D-02
            0.39062500000000D-02  0.39062500000000D-02  0.39062500000000D-02
            0.39062500000000D-02  0.39062500000000D-02  0.39062500000000D-02
            0.39062500000000D-02  0.39062500000000D-02  0.39062500000000D-02
            0.39062500000000D-02  0.39062500000000D-02  0.39062500000000D-02
            0.39062500000000D-02  0.39062500000000D-02  0.39062500000000D-02
            0.39062500000000D-02  0.39062500000000D-02  0.39062500000000D-02
            0.39062500000000D-02  0.39062500000000D-02  0.39062500000000D-02
            0.39062500000000D-02  0.39062500000000D-02  0.39062500000000D-02
            0.39062500000000D-02  0.39062500000000D-02  0.39062500000000D-02
            0.39062500000000D-02  0.39062500000000D-02  0.39062500000000D-02
            0.39062500000000D-02  0.39062500000000D-02  0.39062500000000D-02
            0.39062500000000D-02  0.39062500000000D-02  0.39062500000000D-02
            0.39062500000000D-02  0.39062500000000D-02  0.39062500000000D-02
            0.39062500000000D-02  0.39062500000000D-02  0.39062500000000D-02
            0.39062500000000D-02  0.39062500000000D-02  0.39062500000000D-02
            0.39062500000000D-02  0.39062500000000D-02  0.39062500000000D-02
            0.39062500000000D-02  0.39062500000000D-02  0.39062500000000D-02
            0.39062500000000D-02  0.39062500000000D-02  0.39062500000000D-02
            0.39062500000000D-02  0.39062500000000D-02  0.39062500000000D-02
            0.39062500000000D-02  0.39062500000000D-02  0.39062500000000D-02
            0.39062500000000D-02  0.39062500000000D-02  0.39062500000000D-02
            0.39062500000000D-02  0.39062500000000D-02  0.39062500000000D-02
            0.39062500000000D-02  0.39062500000000D-02  0.39062500000000D-02
            0.39062500000000D-02  0.39062500000000D-02  0.39062500000000D-02
            0.39062500000000D-02  0.39062500000000D-02  0.39062500000000D-02
            0.39062500000000D-02  0.39062500000000D-02  0.39062500000000D-02
            0.39062500000000D-02  0.39062500000000D-02  0.39062500000000D-02
            0.39062500000000D-02  0.39062500000000D-02  0.39062500000000D-02
            0.39062500000000D-02  0.39062500000000D-02  0.39062500000000D-02
            0.39062500000000D-02  0.39062500000000D-02  0.39062500000000D-02
            0.39062500000000D-02  0.39062500000000D-02  0.39062500000000D-02
            0.39062500000000D-02  0.39062500000000D-02  0.39062500000000D-02
            0.39062500000000D-02  0.39062500000000D-02  0.39062500000000D-02
            0.39062500000000D-02  0.39062500000000D-02  0.39062500000000D-02
            0.39062500000000D-02  0.39062500000000D-02  0.39062500000000D-02
            0.39062500000000D-02  0.39062500000000D-02  0.39062500000000D-02
            0.39062500000000D-02  0.39062500000000D-02  0.39062500000000D-02
            0.39062500000000D-02  0.39062500000000D-02  0.39062500000000D-02
            0.39062500000000D-02  0.39062500000000D-02  0.39062500000000D-02
            0.39062500000000D-02  0.39062500000000D-02  0.39062500000000D-02
            0.39062500000000D-02  0.39062500000000D-02  0.39062500000000D-02
            0.39062500000000D-02  0.39062500000000D-02  0.39062500000000D-02
            0.39062500000000D-02  0.39062500000000D-02  0.39062500000000D-02
            0.39062500000000D-02  0.39062500000000D-02  0.39062500000000D-02
            0.39062500000000D-02  0.39062500000000D-02  0.39062500000000D-02
            0.39062500000000D-02  0.39062500000000D-02  0.39062500000000D-02
            0.39062500000000D-02  0.39062500000000D-02  0.39062500000000D-02
            0.39062500000000D-02  0.39062500000000D-02  0.39062500000000D-02
            0.39062500000000D-02  0.39062500000000D-02  0.39062500000000D-02
            0.39062500000000D-02  0.39062500000000D-02  0.39062500000000D-02
            0.39062500000000D-02  0.39062500000000D-02  0.39062500000000D-02
            0.39062500000000D-02  0.39062500000000D-02  0.39062500000000D-02
            0.39062500000000D-02  0.39062500000000D-02  0.39062500000000D-02
            0.39062500000000D-02  0.39062500000000D-02  0.39062500000000D-02
            0.39062500000000D-02  0.39062500000000D-02  0.39062500000000D-02
            0.39062500000000D-02  0.39062500000000D-02  0.39062500000000D-02
            0.39062500000000D-02  0.39062500000000D-02  0.39062500000000D-02
            0.39062500000000D-02  0.39062500000000D-02  0.39062500000000D-02
            0.39062500000000D-02  0.39062500000000D-02  0.39062500000000D-02
            0.39062500000000D-02  0.39062500000000D-02  0.39062500000000D-02
            0.39062500000000D-02  0.39062500000000D-02  0.39062500000000D-02
            0.39062500000000D-02  0.39062500000000D-02  0.39062500000000D-02
            0.39062500000000D-02  0.39062500000000D-02  0.39062500000000D-02
            0.39062500000000D-02  0.39062500000000D-02  0.39062500000000D-02
            0.39062500000000D-02  0.39062500000000D-02  0.39062500000000D-02
            0.39062500000000D-02  0.39062500000000D-02  0.39062500000000D-02
            0.39062500000000D-02  0.39062500000000D-02  0.39062500000000D-02
            0.39062500000000D-02  0.39062500000000D-02  0.39062500000000D-02
            0.39062500000000D-02  0.39062500000000D-02  0.39062500000000D-02
            0.39062500000000D-02  0.39062500000000D-02  0.39062500000000D-02
            0.39062500000000D-02  0.39062500000000D-02  0.39062500000000D-02
            0.39062500000000D-02  0.39062500000000D-02  0.39062500000000D-02
            0.39062500000000D-02  0.39062500000000D-02  0.39062500000000D-02
            0.39062500000000D-02  0.39062500000000D-02  0.39062500000000D-02
            0.39062500000000D-02  0.39062500000000D-02  0.39062500000000D-02
            0.39062500000000D-02  0.39062500000000D-02  0.39062500000000D-02
            0.39062500000000D-02
      xred  0.00000000000000D+00  0.00000000000000D+00  0.00000000000000D+00
            0.25000000000000D+00  0.25000000000000D+00  0.25000000000000D+00
     znucl  0.49000000000000D+02  0.51000000000000D+02
      zion  0.13000000000000D+02  0.15000000000000D+02
 
  Description of the potentials (KB energies)
  vrsio8 (for pseudopotentials)=100401
  usepaw =  0
  dimekb =  6       lmnmax=  6
  Atom type=    1   pspso=  0   nekb=   6
  iln lpsang iproj  ekb(:)
     1     0     1     8.1336241E+00  0.0000000E+00  0.0000000E+00  0.0000000E+00
                       0.0000000E+00  0.0000000E+00
     2     0     2     0.0000000E+00  1.2260308E+00  0.0000000E+00  0.0000000E+00
                       0.0000000E+00  0.0000000E+00
     3     1     1     0.0000000E+00  0.0000000E+00  5.9762547E+00  0.0000000E+00
                       0.0000000E+00  0.0000000E+00
     4     1     2     0.0000000E+00  0.0000000E+00  0.0000000E+00  1.0153184E+00
                       0.0000000E+00  0.0000000E+00
     5     2     1     0.0000000E+00  0.0000000E+00  0.0000000E+00  0.0000000E+00
                      -4.0924032E+00  0.0000000E+00
     6     2     2     0.0000000E+00  0.0000000E+00  0.0000000E+00  0.0000000E+00
                      -4.0924032E+00  0.0000000E+00
  Atom type=    2   pspso=  0   nekb=   6
  iln lpsang iproj  ekb(:)
     1     0     1     7.7907068E+00  0.0000000E+00  0.0000000E+00  0.0000000E+00
                       0.0000000E+00  0.0000000E+00
     2     0     2     0.0000000E+00  1.0443563E+00  0.0000000E+00  0.0000000E+00
                       0.0000000E+00  0.0000000E+00
     3     1     1     0.0000000E+00  0.0000000E+00  5.4633671E+00  0.0000000E+00
                       0.0000000E+00  0.0000000E+00
     4     1     2     0.0000000E+00  0.0000000E+00  0.0000000E+00  7.0439810E-01
                       0.0000000E+00  0.0000000E+00
     5     2     1     0.0000000E+00  0.0000000E+00  0.0000000E+00  0.0000000E+00
                      -4.7914887E+00  0.0000000E+00
     6     2     2     0.0000000E+00  0.0000000E+00  0.0000000E+00  0.0000000E+00
                      -4.7914887E+00  0.0000000E+00
 
 **** Database of total energy derivatives ****
 Number of data blocks=    1

 2nd derivatives (non-stat.)  - # elements :      36
 qpt -2.50000000E-01  2.50000000E-01  0.00000000E+00   1.0
   1   1   1   1  0.53595549815109D+01 -0.34458302663339D-08
   1   1   2   1  0.26690294686596D+01 -0.31640152290432D+00
   1   1   3   1  0.24628471698252D+01 -0.49636152791227D-15
   1   1   1   2 -0.27514341839121D+01 -0.22888111316288D+01
   1   1   2   2 -0.25273852454242D+01  0.15555287107334D+00
   1   1   3   2 -0.23977850274209D+01  0.16391973123472D-10
   2   1   1   1  0.26690294706150D+01  0.31640151945849D+00
   2   1   2   1  0.53595547364239D+01  0.68916604636294D-08
   2   1   3   1  0.24628471698234D+01 -0.33426554428140D-15
   2   1   1   2 -0.25273853426756D+01 -0.15555285838988D+00
   2   1   2   2 -0.27514341462901D+01  0.22888110968493D+01
   2   1   3   2 -0.23977850274209D+01  0.16400650313789D-10
   3   1   1   1  0.24628471698252D+01 -0.49636152791227D-15
   3   1   2   1  0.24628471698234D+01 -0.33426554428140D-15
   3   1   3   1  0.49256943396613D+01 -0.77034934643920D-16
   3   1   1   2 -0.23977850274209D+01  0.16391973123472D-10
   3   1   2   2 -0.23977850274209D+01  0.16400650313789D-10
   3   1   3   2 -0.47955700548419D+01  0.32799588693268D-10
   1   2   1   1 -0.27514342454260D+01  0.22888110258296D+01
   1   2   2   1 -0.25273853800686D+01  0.15555289310005D+00
   1   2   3   1 -0.23977850258786D+01 -0.16396311377363D-10
   1   2   1   2  0.62621680600096D+01  0.98882211826706D-08
   1   2   2   2  0.29730094230017D+01 -0.33428243620595D+00
   1   2   3   2  0.28686349916170D+01 -0.66083635372935D-15
   2   2   1   1 -0.25273852504613D+01 -0.15555287079540D+00
   2   2   2   1 -0.27514342502340D+01 -0.22888110260382D+01
   2   2   3   1 -0.23977850258786D+01 -0.16404988567680D-10
   2   2   1   2  0.29730094652896D+01  0.33428244609417D+00
   2   2   2   2  0.62621677186071D+01 -0.19776444018507D-07
   2   2   3   2  0.28686349916188D+01 -0.44502809149891D-15
   3   2   1   1 -0.23977850258786D+01 -0.16396311377362D-10
   3   2   2   1 -0.23977850258786D+01 -0.16404988567679D-10
   3   2   3   1 -0.47955700517574D+01 -0.32808265201048D-10
   3   2   1   2  0.28686349916225D+01 -0.66083635372935D-15
   3   2   2   2  0.28686349916170D+01 -0.44502809149891D-15
   3   2   3   2  0.57372699832449D+01 -0.10256130352001D-15
