
 **** DERIVATIVE DATABASE ****    
+DDB, Version number    100401

  Note : temporary (transfer) database

    usepaw         0
     natom         2
      nkpt       256
    nsppol         1
      nsym        24
    ntypat         2
    occopt         1
     nband        14
     acell  0.12181502674000D+02  0.12181502674000D+02  0.12181502674000D+02
       amu  0.11482000000000D+03  0.12175300000000D+03
   dilatmx  0.10000000000000D+01
      ecut  0.42000000000000D+02
    ecutsm  0.00000000000000D+00
     intxc         0
      iscf         7
       ixc     -1012
       kpt -0.12500000000000D+00 -0.25000000000000D+00  0.00000000000000D+00
           -0.25000000000000D+00 -0.12500000000000D+00  0.00000000000000D+00
           -0.12500000000000D+00 -0.12500000000000D+00  0.12500000000000D+00
           -0.12500000000000D+00  0.50000000000000D+00  0.00000000000000D+00
           -0.25000000000000D+00 -0.37500000000000D+00  0.00000000000000D+00
           -0.12500000000000D+00 -0.37500000000000D+00  0.12500000000000D+00
           -0.37500000000000D+00 -0.25000000000000D+00  0.00000000000000D+00
           -0.25000000000000D+00 -0.25000000000000D+00  0.12500000000000D+00
           -0.12500000000000D+00 -0.25000000000000D+00  0.25000000000000D+00
            0.50000000000000D+00 -0.12500000000000D+00  0.00000000000000D+00
           -0.37500000000000D+00 -0.12500000000000D+00  0.12500000000000D+00
           -0.25000000000000D+00 -0.12500000000000D+00  0.25000000000000D+00
           -0.12500000000000D+00 -0.12500000000000D+00  0.37500000000000D+00
           -0.12500000000000D+00  0.25000000000000D+00  0.00000000000000D+00
           -0.25000000000000D+00  0.37500000000000D+00  0.00000000000000D+00
           -0.12500000000000D+00  0.37500000000000D+00  0.12500000000000D+00
           -0.37500000000000D+00  0.50000000000000D+00  0.00000000000000D+00
           -0.25000000000000D+00  0.50000000000000D+00  0.12500000000000D+00
           -0.12500000000000D+00  0.50000000000000D+00  0.25000000000000D+00
            0.50000000000000D+00 -0.37500000000000D+00  0.00000000000000D+00
           -0.37500000000000D+00 -0.37500000000000D+00  0.12500000000000D+00
           -0.25000000000000D+00 -0.37500000000000D+00  0.25000000000000D+00
           -0.12500000000000D+00 -0.37500000000000D+00  0.37500000000000D+00
            0.37500000000000D+00 -0.25000000000000D+00  0.00000000000000D+00
            0.50000000000000D+00 -0.25000000000000D+00  0.12500000000000D+00
           -0.37500000000000D+00 -0.25000000000000D+00  0.25000000000000D+00
           -0.25000000000000D+00 -0.25000000000000D+00  0.37500000000000D+00
           -0.12500000000000D+00 -0.25000000000000D+00  0.50000000000000D+00
            0.25000000000000D+00 -0.12500000000000D+00  0.00000000000000D+00
            0.37500000000000D+00 -0.12500000000000D+00  0.12500000000000D+00
            0.50000000000000D+00 -0.12500000000000D+00  0.25000000000000D+00
           -0.37500000000000D+00 -0.12500000000000D+00  0.37500000000000D+00
           -0.25000000000000D+00 -0.12500000000000D+00  0.50000000000000D+00
           -0.12500000000000D+00 -0.12500000000000D+00 -0.37500000000000D+00
           -0.12500000000000D+00  0.00000000000000D+00  0.00000000000000D+00
           -0.25000000000000D+00  0.12500000000000D+00  0.00000000000000D+00
           -0.12500000000000D+00  0.12500000000000D+00  0.12500000000000D+00
           -0.37500000000000D+00  0.25000000000000D+00  0.00000000000000D+00
           -0.25000000000000D+00  0.25000000000000D+00  0.12500000000000D+00
           -0.12500000000000D+00  0.25000000000000D+00  0.25000000000000D+00
            0.50000000000000D+00  0.37500000000000D+00  0.00000000000000D+00
           -0.37500000000000D+00  0.37500000000000D+00  0.12500000000000D+00
           -0.25000000000000D+00  0.37500000000000D+00  0.25000000000000D+00
           -0.12500000000000D+00  0.37500000000000D+00  0.37500000000000D+00
            0.37500000000000D+00  0.50000000000000D+00  0.00000000000000D+00
            0.50000000000000D+00  0.50000000000000D+00  0.12500000000000D+00
           -0.37500000000000D+00  0.50000000000000D+00  0.25000000000000D+00
           -0.25000000000000D+00  0.50000000000000D+00  0.37500000000000D+00
           -0.12500000000000D+00  0.50000000000000D+00  0.50000000000000D+00
            0.25000000000000D+00 -0.37500000000000D+00  0.00000000000000D+00
            0.37500000000000D+00 -0.37500000000000D+00  0.12500000000000D+00
            0.50000000000000D+00 -0.37500000000000D+00  0.25000000000000D+00
           -0.37500000000000D+00 -0.37500000000000D+00  0.37500000000000D+00
           -0.25000000000000D+00 -0.37500000000000D+00  0.50000000000000D+00
           -0.12500000000000D+00 -0.37500000000000D+00 -0.37500000000000D+00
            0.12500000000000D+00 -0.25000000000000D+00  0.00000000000000D+00
            0.25000000000000D+00 -0.25000000000000D+00  0.12500000000000D+00
            0.37500000000000D+00 -0.25000000000000D+00  0.25000000000000D+00
            0.50000000000000D+00 -0.25000000000000D+00  0.37500000000000D+00
           -0.37500000000000D+00 -0.25000000000000D+00  0.50000000000000D+00
           -0.25000000000000D+00 -0.25000000000000D+00 -0.37500000000000D+00
           -0.12500000000000D+00 -0.25000000000000D+00 -0.25000000000000D+00
            0.00000000000000D+00 -0.12500000000000D+00  0.00000000000000D+00
            0.12500000000000D+00 -0.12500000000000D+00  0.12500000000000D+00
            0.25000000000000D+00 -0.12500000000000D+00  0.25000000000000D+00
            0.37500000000000D+00 -0.12500000000000D+00  0.37500000000000D+00
            0.50000000000000D+00 -0.12500000000000D+00  0.50000000000000D+00
           -0.37500000000000D+00 -0.12500000000000D+00 -0.37500000000000D+00
           -0.25000000000000D+00 -0.12500000000000D+00 -0.25000000000000D+00
           -0.12500000000000D+00 -0.12500000000000D+00 -0.12500000000000D+00
           -0.37500000000000D+00  0.00000000000000D+00  0.00000000000000D+00
           -0.25000000000000D+00  0.00000000000000D+00  0.12500000000000D+00
           -0.12500000000000D+00  0.00000000000000D+00  0.25000000000000D+00
            0.50000000000000D+00  0.12500000000000D+00  0.00000000000000D+00
           -0.37500000000000D+00  0.12500000000000D+00  0.12500000000000D+00
           -0.25000000000000D+00  0.12500000000000D+00  0.25000000000000D+00
           -0.12500000000000D+00  0.12500000000000D+00  0.37500000000000D+00
            0.37500000000000D+00  0.25000000000000D+00  0.00000000000000D+00
            0.50000000000000D+00  0.25000000000000D+00  0.12500000000000D+00
           -0.37500000000000D+00  0.25000000000000D+00  0.25000000000000D+00
           -0.25000000000000D+00  0.25000000000000D+00  0.37500000000000D+00
           -0.12500000000000D+00  0.25000000000000D+00  0.50000000000000D+00
            0.25000000000000D+00  0.37500000000000D+00  0.00000000000000D+00
            0.37500000000000D+00  0.37500000000000D+00  0.12500000000000D+00
            0.50000000000000D+00  0.37500000000000D+00  0.25000000000000D+00
           -0.37500000000000D+00  0.37500000000000D+00  0.37500000000000D+00
           -0.25000000000000D+00  0.37500000000000D+00  0.50000000000000D+00
           -0.12500000000000D+00  0.37500000000000D+00 -0.37500000000000D+00
            0.12500000000000D+00  0.50000000000000D+00  0.00000000000000D+00
            0.25000000000000D+00  0.50000000000000D+00  0.12500000000000D+00
            0.37500000000000D+00  0.50000000000000D+00  0.25000000000000D+00
            0.50000000000000D+00  0.50000000000000D+00  0.37500000000000D+00
           -0.37500000000000D+00  0.50000000000000D+00  0.50000000000000D+00
           -0.25000000000000D+00  0.50000000000000D+00 -0.37500000000000D+00
           -0.12500000000000D+00  0.50000000000000D+00 -0.25000000000000D+00
            0.00000000000000D+00 -0.37500000000000D+00  0.00000000000000D+00
            0.12500000000000D+00 -0.37500000000000D+00  0.12500000000000D+00
            0.25000000000000D+00 -0.37500000000000D+00  0.25000000000000D+00
            0.37500000000000D+00 -0.37500000000000D+00  0.37500000000000D+00
            0.50000000000000D+00 -0.37500000000000D+00  0.50000000000000D+00
           -0.37500000000000D+00 -0.37500000000000D+00 -0.37500000000000D+00
           -0.25000000000000D+00 -0.37500000000000D+00 -0.25000000000000D+00
           -0.12500000000000D+00 -0.37500000000000D+00 -0.12500000000000D+00
            0.00000000000000D+00 -0.25000000000000D+00  0.12500000000000D+00
            0.12500000000000D+00 -0.25000000000000D+00  0.25000000000000D+00
            0.25000000000000D+00 -0.25000000000000D+00  0.37500000000000D+00
            0.37500000000000D+00 -0.25000000000000D+00  0.50000000000000D+00
            0.50000000000000D+00 -0.25000000000000D+00 -0.37500000000000D+00
           -0.37500000000000D+00 -0.25000000000000D+00 -0.25000000000000D+00
           -0.25000000000000D+00 -0.25000000000000D+00 -0.12500000000000D+00
            0.00000000000000D+00 -0.12500000000000D+00  0.25000000000000D+00
            0.12500000000000D+00 -0.12500000000000D+00  0.37500000000000D+00
            0.25000000000000D+00 -0.12500000000000D+00  0.50000000000000D+00
            0.37500000000000D+00 -0.12500000000000D+00 -0.37500000000000D+00
            0.50000000000000D+00 -0.12500000000000D+00 -0.25000000000000D+00
           -0.37500000000000D+00 -0.12500000000000D+00 -0.12500000000000D+00
            0.37500000000000D+00  0.00000000000000D+00  0.00000000000000D+00
            0.50000000000000D+00  0.00000000000000D+00  0.12500000000000D+00
           -0.37500000000000D+00  0.00000000000000D+00  0.25000000000000D+00
           -0.25000000000000D+00  0.00000000000000D+00  0.37500000000000D+00
           -0.12500000000000D+00  0.00000000000000D+00  0.50000000000000D+00
            0.25000000000000D+00  0.12500000000000D+00  0.00000000000000D+00
            0.37500000000000D+00  0.12500000000000D+00  0.12500000000000D+00
            0.50000000000000D+00  0.12500000000000D+00  0.25000000000000D+00
           -0.37500000000000D+00  0.12500000000000D+00  0.37500000000000D+00
           -0.25000000000000D+00  0.12500000000000D+00  0.50000000000000D+00
           -0.12500000000000D+00  0.12500000000000D+00 -0.37500000000000D+00
            0.12500000000000D+00  0.25000000000000D+00  0.00000000000000D+00
            0.25000000000000D+00  0.25000000000000D+00  0.12500000000000D+00
            0.37500000000000D+00  0.25000000000000D+00  0.25000000000000D+00
            0.50000000000000D+00  0.25000000000000D+00  0.37500000000000D+00
           -0.37500000000000D+00  0.25000000000000D+00  0.50000000000000D+00
           -0.25000000000000D+00  0.25000000000000D+00 -0.37500000000000D+00
           -0.12500000000000D+00  0.25000000000000D+00 -0.25000000000000D+00
            0.00000000000000D+00  0.37500000000000D+00  0.00000000000000D+00
            0.12500000000000D+00  0.37500000000000D+00  0.12500000000000D+00
            0.25000000000000D+00  0.37500000000000D+00  0.25000000000000D+00
            0.37500000000000D+00  0.37500000000000D+00  0.37500000000000D+00
            0.50000000000000D+00  0.37500000000000D+00  0.50000000000000D+00
           -0.37500000000000D+00  0.37500000000000D+00 -0.37500000000000D+00
           -0.25000000000000D+00  0.37500000000000D+00 -0.25000000000000D+00
           -0.12500000000000D+00  0.37500000000000D+00 -0.12500000000000D+00
            0.00000000000000D+00  0.50000000000000D+00  0.12500000000000D+00
            0.12500000000000D+00  0.50000000000000D+00  0.25000000000000D+00
            0.25000000000000D+00  0.50000000000000D+00  0.37500000000000D+00
            0.37500000000000D+00  0.50000000000000D+00  0.50000000000000D+00
            0.50000000000000D+00  0.50000000000000D+00 -0.37500000000000D+00
           -0.37500000000000D+00  0.50000000000000D+00 -0.25000000000000D+00
           -0.25000000000000D+00  0.50000000000000D+00 -0.12500000000000D+00
            0.00000000000000D+00 -0.37500000000000D+00  0.25000000000000D+00
            0.12500000000000D+00 -0.37500000000000D+00  0.37500000000000D+00
            0.25000000000000D+00 -0.37500000000000D+00  0.50000000000000D+00
            0.37500000000000D+00 -0.37500000000000D+00 -0.37500000000000D+00
            0.50000000000000D+00 -0.37500000000000D+00 -0.25000000000000D+00
           -0.37500000000000D+00 -0.37500000000000D+00 -0.12500000000000D+00
            0.00000000000000D+00 -0.25000000000000D+00  0.37500000000000D+00
            0.12500000000000D+00 -0.25000000000000D+00  0.50000000000000D+00
            0.25000000000000D+00 -0.25000000000000D+00 -0.37500000000000D+00
            0.37500000000000D+00 -0.25000000000000D+00 -0.25000000000000D+00
            0.50000000000000D+00 -0.25000000000000D+00 -0.12500000000000D+00
            0.00000000000000D+00 -0.12500000000000D+00  0.50000000000000D+00
            0.12500000000000D+00 -0.12500000000000D+00 -0.37500000000000D+00
            0.25000000000000D+00 -0.12500000000000D+00 -0.25000000000000D+00
            0.37500000000000D+00 -0.12500000000000D+00 -0.12500000000000D+00
            0.12500000000000D+00  0.00000000000000D+00  0.00000000000000D+00
            0.25000000000000D+00  0.00000000000000D+00  0.12500000000000D+00
            0.37500000000000D+00  0.00000000000000D+00  0.25000000000000D+00
            0.50000000000000D+00  0.00000000000000D+00  0.37500000000000D+00
           -0.37500000000000D+00  0.00000000000000D+00  0.50000000000000D+00
           -0.25000000000000D+00  0.00000000000000D+00 -0.37500000000000D+00
           -0.12500000000000D+00  0.00000000000000D+00 -0.25000000000000D+00
            0.00000000000000D+00  0.12500000000000D+00  0.00000000000000D+00
            0.12500000000000D+00  0.12500000000000D+00  0.12500000000000D+00
            0.25000000000000D+00  0.12500000000000D+00  0.25000000000000D+00
            0.37500000000000D+00  0.12500000000000D+00  0.37500000000000D+00
            0.50000000000000D+00  0.12500000000000D+00  0.50000000000000D+00
           -0.37500000000000D+00  0.12500000000000D+00 -0.37500000000000D+00
           -0.25000000000000D+00  0.12500000000000D+00 -0.25000000000000D+00
           -0.12500000000000D+00  0.12500000000000D+00 -0.12500000000000D+00
            0.00000000000000D+00  0.25000000000000D+00  0.12500000000000D+00
            0.12500000000000D+00  0.25000000000000D+00  0.25000000000000D+00
            0.25000000000000D+00  0.25000000000000D+00  0.37500000000000D+00
            0.37500000000000D+00  0.25000000000000D+00  0.50000000000000D+00
            0.50000000000000D+00  0.25000000000000D+00 -0.37500000000000D+00
           -0.37500000000000D+00  0.25000000000000D+00 -0.25000000000000D+00
           -0.25000000000000D+00  0.25000000000000D+00 -0.12500000000000D+00
            0.00000000000000D+00  0.37500000000000D+00  0.25000000000000D+00
            0.12500000000000D+00  0.37500000000000D+00  0.37500000000000D+00
            0.25000000000000D+00  0.37500000000000D+00  0.50000000000000D+00
            0.37500000000000D+00  0.37500000000000D+00 -0.37500000000000D+00
            0.50000000000000D+00  0.37500000000000D+00 -0.25000000000000D+00
           -0.37500000000000D+00  0.37500000000000D+00 -0.12500000000000D+00
            0.00000000000000D+00  0.50000000000000D+00  0.37500000000000D+00
            0.12500000000000D+00  0.50000000000000D+00  0.50000000000000D+00
            0.25000000000000D+00  0.50000000000000D+00 -0.37500000000000D+00
            0.37500000000000D+00  0.50000000000000D+00 -0.25000000000000D+00
            0.50000000000000D+00  0.50000000000000D+00 -0.12500000000000D+00
            0.00000000000000D+00 -0.37500000000000D+00  0.50000000000000D+00
            0.12500000000000D+00 -0.37500000000000D+00 -0.37500000000000D+00
            0.25000000000000D+00 -0.37500000000000D+00 -0.25000000000000D+00
            0.37500000000000D+00 -0.37500000000000D+00 -0.12500000000000D+00
            0.00000000000000D+00 -0.25000000000000D+00 -0.37500000000000D+00
            0.12500000000000D+00 -0.25000000000000D+00 -0.25000000000000D+00
            0.25000000000000D+00 -0.25000000000000D+00 -0.12500000000000D+00
            0.00000000000000D+00 -0.12500000000000D+00 -0.25000000000000D+00
            0.12500000000000D+00 -0.12500000000000D+00 -0.12500000000000D+00
            0.00000000000000D+00  0.00000000000000D+00  0.12500000000000D+00
            0.12500000000000D+00  0.00000000000000D+00  0.25000000000000D+00
            0.25000000000000D+00  0.00000000000000D+00  0.37500000000000D+00
            0.37500000000000D+00  0.00000000000000D+00  0.50000000000000D+00
            0.50000000000000D+00  0.00000000000000D+00 -0.37500000000000D+00
           -0.37500000000000D+00  0.00000000000000D+00 -0.25000000000000D+00
           -0.25000000000000D+00  0.00000000000000D+00 -0.12500000000000D+00
            0.00000000000000D+00  0.12500000000000D+00  0.25000000000000D+00
            0.12500000000000D+00  0.12500000000000D+00  0.37500000000000D+00
            0.25000000000000D+00  0.12500000000000D+00  0.50000000000000D+00
            0.37500000000000D+00  0.12500000000000D+00 -0.37500000000000D+00
            0.50000000000000D+00  0.12500000000000D+00 -0.25000000000000D+00
           -0.37500000000000D+00  0.12500000000000D+00 -0.12500000000000D+00
            0.00000000000000D+00  0.25000000000000D+00  0.37500000000000D+00
            0.12500000000000D+00  0.25000000000000D+00  0.50000000000000D+00
            0.25000000000000D+00  0.25000000000000D+00 -0.37500000000000D+00
            0.37500000000000D+00  0.25000000000000D+00 -0.25000000000000D+00
            0.50000000000000D+00  0.25000000000000D+00 -0.12500000000000D+00
            0.00000000000000D+00  0.37500000000000D+00  0.50000000000000D+00
            0.12500000000000D+00  0.37500000000000D+00 -0.37500000000000D+00
            0.25000000000000D+00  0.37500000000000D+00 -0.25000000000000D+00
            0.37500000000000D+00  0.37500000000000D+00 -0.12500000000000D+00
            0.00000000000000D+00  0.50000000000000D+00 -0.37500000000000D+00
            0.12500000000000D+00  0.50000000000000D+00 -0.25000000000000D+00
            0.25000000000000D+00  0.50000000000000D+00 -0.12500000000000D+00
            0.00000000000000D+00 -0.37500000000000D+00 -0.25000000000000D+00
            0.12500000000000D+00 -0.37500000000000D+00 -0.12500000000000D+00
            0.00000000000000D+00 -0.25000000000000D+00 -0.12500000000000D+00
            0.00000000000000D+00  0.00000000000000D+00  0.37500000000000D+00
            0.12500000000000D+00  0.00000000000000D+00  0.50000000000000D+00
            0.25000000000000D+00  0.00000000000000D+00 -0.37500000000000D+00
            0.37500000000000D+00  0.00000000000000D+00 -0.25000000000000D+00
            0.50000000000000D+00  0.00000000000000D+00 -0.12500000000000D+00
            0.00000000000000D+00  0.12500000000000D+00  0.50000000000000D+00
            0.12500000000000D+00  0.12500000000000D+00 -0.37500000000000D+00
            0.25000000000000D+00  0.12500000000000D+00 -0.25000000000000D+00
            0.37500000000000D+00  0.12500000000000D+00 -0.12500000000000D+00
            0.00000000000000D+00  0.25000000000000D+00 -0.37500000000000D+00
            0.12500000000000D+00  0.25000000000000D+00 -0.25000000000000D+00
            0.25000000000000D+00  0.25000000000000D+00 -0.12500000000000D+00
            0.00000000000000D+00  0.37500000000000D+00 -0.25000000000000D+00
            0.12500000000000D+00  0.37500000000000D+00 -0.12500000000000D+00
            0.00000000000000D+00  0.50000000000000D+00 -0.12500000000000D+00
            0.00000000000000D+00  0.00000000000000D+00 -0.37500000000000D+00
            0.12500000000000D+00  0.00000000000000D+00 -0.25000000000000D+00
            0.25000000000000D+00  0.00000000000000D+00 -0.12500000000000D+00
            0.00000000000000D+00  0.12500000000000D+00 -0.25000000000000D+00
            0.12500000000000D+00  0.12500000000000D+00 -0.12500000000000D+00
            0.00000000000000D+00  0.25000000000000D+00 -0.12500000000000D+00
            0.00000000000000D+00  0.00000000000000D+00 -0.12500000000000D+00
    kptnrm  0.10000000000000D+01
     ngfft        54   54   54
    nspden         1
   nspinor         1
       occ  0.20000000000000D+01  0.20000000000000D+01  0.20000000000000D+01
            0.20000000000000D+01  0.20000000000000D+01  0.20000000000000D+01
            0.20000000000000D+01  0.20000000000000D+01  0.20000000000000D+01
            0.20000000000000D+01  0.20000000000000D+01  0.20000000000000D+01
            0.20000000000000D+01  0.20000000000000D+01
     rprim  0.00000000000000D+00  0.50000000000000D+00  0.50000000000000D+00
            0.50000000000000D+00  0.00000000000000D+00  0.50000000000000D+00
            0.50000000000000D+00  0.50000000000000D+00  0.00000000000000D+00
  dfpt_sciss  0.00000000000000D+00
    spinat  0.00000000000000D+00  0.00000000000000D+00  0.00000000000000D+00
            0.00000000000000D+00  0.00000000000000D+00  0.00000000000000D+00
    symafm         1    1    1    1    1    1    1    1    1    1    1    1
                   1    1    1    1    1    1    1    1    1    1    1    1
    symrel         1    0    0    0    1    0    0    0    1
                   0   -1    1    0   -1    0    1   -1    0
                  -1    0    0   -1    0    1   -1    1    0
                   0    1   -1    1    0   -1    0    0   -1
                  -1    0    0   -1    1    0   -1    0    1
                   0   -1    1    1   -1    0    0   -1    0
                   1    0    0    0    0    1    0    1    0
                   0    1   -1    0    0   -1    1    0   -1
                  -1    0    1   -1    1    0   -1    0    0
                   0   -1    0    1   -1    0    0   -1    1
                   1    0   -1    0    0   -1    0    1   -1
                   0    1    0    0    0    1    1    0    0
                   1    0   -1    0    1   -1    0    0   -1
                   0   -1    0    0   -1    1    1   -1    0
                  -1    0    1   -1    0    0   -1    1    0
                   0    1    0    1    0    0    0    0    1
                   0    0   -1    0    1   -1    1    0   -1
                   1   -1    0    0   -1    1    0   -1    0
                   0    0    1    1    0    0    0    1    0
                  -1    1    0   -1    0    0   -1    0    1
                   0    0    1    0    1    0    1    0    0
                   1   -1    0    0   -1    0    0   -1    1
                   0    0   -1    1    0   -1    0    1   -1
                  -1    1    0   -1    0    1   -1    0    0
     tnons  0.00000000000000D+00  0.00000000000000D+00  0.00000000000000D+00
            0.00000000000000D+00  0.00000000000000D+00  0.00000000000000D+00
            0.00000000000000D+00  0.00000000000000D+00  0.00000000000000D+00
            0.00000000000000D+00  0.00000000000000D+00  0.00000000000000D+00
            0.00000000000000D+00  0.00000000000000D+00  0.00000000000000D+00
            0.00000000000000D+00  0.00000000000000D+00  0.00000000000000D+00
            0.00000000000000D+00  0.00000000000000D+00  0.00000000000000D+00
            0.00000000000000D+00  0.00000000000000D+00  0.00000000000000D+00
            0.00000000000000D+00  0.00000000000000D+00  0.00000000000000D+00
            0.00000000000000D+00  0.00000000000000D+00  0.00000000000000D+00
            0.00000000000000D+00  0.00000000000000D+00  0.00000000000000D+00
            0.00000000000000D+00  0.00000000000000D+00  0.00000000000000D+00
            0.00000000000000D+00  0.00000000000000D+00  0.00000000000000D+00
            0.00000000000000D+00  0.00000000000000D+00  0.00000000000000D+00
            0.00000000000000D+00  0.00000000000000D+00  0.00000000000000D+00
            0.00000000000000D+00  0.00000000000000D+00  0.00000000000000D+00
            0.00000000000000D+00  0.00000000000000D+00  0.00000000000000D+00
            0.00000000000000D+00  0.00000000000000D+00  0.00000000000000D+00
            0.00000000000000D+00  0.00000000000000D+00  0.00000000000000D+00
            0.00000000000000D+00  0.00000000000000D+00  0.00000000000000D+00
            0.00000000000000D+00  0.00000000000000D+00  0.00000000000000D+00
            0.00000000000000D+00  0.00000000000000D+00  0.00000000000000D+00
            0.00000000000000D+00  0.00000000000000D+00  0.00000000000000D+00
            0.00000000000000D+00  0.00000000000000D+00  0.00000000000000D+00
    tolwfr  0.10000000000000D+01
   tphysel  0.00000000000000D+00
    tsmear  0.10000000000000D-01
     typat         1    2
       wtk  0.39062500000000D-02  0.39062500000000D-02  0.39062500000000D-02
            0.39062500000000D-02  0.39062500000000D-02  0.39062500000000D-02
            0.39062500000000D-02  0.39062500000000D-02  0.39062500000000D-02
            0.39062500000000D-02  0.39062500000000D-02  0.39062500000000D-02
            0.39062500000000D-02  0.39062500000000D-02  0.39062500000000D-02
            0.39062500000000D-02  0.39062500000000D-02  0.39062500000000D-02
            0.39062500000000D-02  0.39062500000000D-02  0.39062500000000D-02
            0.39062500000000D-02  0.39062500000000D-02  0.39062500000000D-02
            0.39062500000000D-02  0.39062500000000D-02  0.39062500000000D-02
            0.39062500000000D-02  0.39062500000000D-02  0.39062500000000D-02
            0.39062500000000D-02  0.39062500000000D-02  0.39062500000000D-02
            0.39062500000000D-02  0.39062500000000D-02  0.39062500000000D-02
            0.39062500000000D-02  0.39062500000000D-02  0.39062500000000D-02
            0.39062500000000D-02  0.39062500000000D-02  0.39062500000000D-02
            0.39062500000000D-02  0.39062500000000D-02  0.39062500000000D-02
            0.39062500000000D-02  0.39062500000000D-02  0.39062500000000D-02
            0.39062500000000D-02  0.39062500000000D-02  0.39062500000000D-02
            0.39062500000000D-02  0.39062500000000D-02  0.39062500000000D-02
            0.39062500000000D-02  0.39062500000000D-02  0.39062500000000D-02
            0.39062500000000D-02  0.39062500000000D-02  0.39062500000000D-02
            0.39062500000000D-02  0.39062500000000D-02  0.39062500000000D-02
            0.39062500000000D-02  0.39062500000000D-02  0.39062500000000D-02
            0.39062500000000D-02  0.39062500000000D-02  0.39062500000000D-02
            0.39062500000000D-02  0.39062500000000D-02  0.39062500000000D-02
            0.39062500000000D-02  0.39062500000000D-02  0.39062500000000D-02
            0.39062500000000D-02  0.39062500000000D-02  0.39062500000000D-02
            0.39062500000000D-02  0.39062500000000D-02  0.39062500000000D-02
            0.39062500000000D-02  0.39062500000000D-02  0.39062500000000D-02
            0.39062500000000D-02  0.39062500000000D-02  0.39062500000000D-02
            0.39062500000000D-02  0.39062500000000D-02  0.39062500000000D-02
            0.39062500000000D-02  0.39062500000000D-02  0.39062500000000D-02
            0.39062500000000D-02  0.39062500000000D-02  0.39062500000000D-02
            0.39062500000000D-02  0.39062500000000D-02  0.39062500000000D-02
            0.39062500000000D-02  0.39062500000000D-02  0.39062500000000D-02
            0.39062500000000D-02  0.39062500000000D-02  0.39062500000000D-02
            0.39062500000000D-02  0.39062500000000D-02  0.39062500000000D-02
            0.39062500000000D-02  0.39062500000000D-02  0.39062500000000D-02
            0.39062500000000D-02  0.39062500000000D-02  0.39062500000000D-02
            0.39062500000000D-02  0.39062500000000D-02  0.39062500000000D-02
            0.39062500000000D-02  0.39062500000000D-02  0.39062500000000D-02
            0.39062500000000D-02  0.39062500000000D-02  0.39062500000000D-02
            0.39062500000000D-02  0.39062500000000D-02  0.39062500000000D-02
            0.39062500000000D-02  0.39062500000000D-02  0.39062500000000D-02
            0.39062500000000D-02  0.39062500000000D-02  0.39062500000000D-02
            0.39062500000000D-02  0.39062500000000D-02  0.39062500000000D-02
            0.39062500000000D-02  0.39062500000000D-02  0.39062500000000D-02
            0.39062500000000D-02  0.39062500000000D-02  0.39062500000000D-02
            0.39062500000000D-02  0.39062500000000D-02  0.39062500000000D-02
            0.39062500000000D-02  0.39062500000000D-02  0.39062500000000D-02
            0.39062500000000D-02  0.39062500000000D-02  0.39062500000000D-02
            0.39062500000000D-02  0.39062500000000D-02  0.39062500000000D-02
            0.39062500000000D-02  0.39062500000000D-02  0.39062500000000D-02
            0.39062500000000D-02  0.39062500000000D-02  0.39062500000000D-02
            0.39062500000000D-02  0.39062500000000D-02  0.39062500000000D-02
            0.39062500000000D-02  0.39062500000000D-02  0.39062500000000D-02
            0.39062500000000D-02  0.39062500000000D-02  0.39062500000000D-02
            0.39062500000000D-02  0.39062500000000D-02  0.39062500000000D-02
            0.39062500000000D-02  0.39062500000000D-02  0.39062500000000D-02
            0.39062500000000D-02  0.39062500000000D-02  0.39062500000000D-02
            0.39062500000000D-02  0.39062500000000D-02  0.39062500000000D-02
            0.39062500000000D-02  0.39062500000000D-02  0.39062500000000D-02
            0.39062500000000D-02  0.39062500000000D-02  0.39062500000000D-02
            0.39062500000000D-02  0.39062500000000D-02  0.39062500000000D-02
            0.39062500000000D-02  0.39062500000000D-02  0.39062500000000D-02
            0.39062500000000D-02  0.39062500000000D-02  0.39062500000000D-02
            0.39062500000000D-02  0.39062500000000D-02  0.39062500000000D-02
            0.39062500000000D-02  0.39062500000000D-02  0.39062500000000D-02
            0.39062500000000D-02  0.39062500000000D-02  0.39062500000000D-02
            0.39062500000000D-02  0.39062500000000D-02  0.39062500000000D-02
            0.39062500000000D-02  0.39062500000000D-02  0.39062500000000D-02
            0.39062500000000D-02  0.39062500000000D-02  0.39062500000000D-02
            0.39062500000000D-02  0.39062500000000D-02  0.39062500000000D-02
            0.39062500000000D-02  0.39062500000000D-02  0.39062500000000D-02
            0.39062500000000D-02  0.39062500000000D-02  0.39062500000000D-02
            0.39062500000000D-02  0.39062500000000D-02  0.39062500000000D-02
            0.39062500000000D-02  0.39062500000000D-02  0.39062500000000D-02
            0.39062500000000D-02  0.39062500000000D-02  0.39062500000000D-02
            0.39062500000000D-02  0.39062500000000D-02  0.39062500000000D-02
            0.39062500000000D-02  0.39062500000000D-02  0.39062500000000D-02
            0.39062500000000D-02  0.39062500000000D-02  0.39062500000000D-02
            0.39062500000000D-02  0.39062500000000D-02  0.39062500000000D-02
            0.39062500000000D-02  0.39062500000000D-02  0.39062500000000D-02
            0.39062500000000D-02  0.39062500000000D-02  0.39062500000000D-02
            0.39062500000000D-02  0.39062500000000D-02  0.39062500000000D-02
            0.39062500000000D-02  0.39062500000000D-02  0.39062500000000D-02
            0.39062500000000D-02
      xred  0.00000000000000D+00  0.00000000000000D+00  0.00000000000000D+00
            0.25000000000000D+00  0.25000000000000D+00  0.25000000000000D+00
     znucl  0.49000000000000D+02  0.51000000000000D+02
      zion  0.13000000000000D+02  0.15000000000000D+02
 
  Description of the potentials (KB energies)
  vrsio8 (for pseudopotentials)=100401
  usepaw =  0
  dimekb =  6       lmnmax=  6
  Atom type=    1   pspso=  0   nekb=   6
  iln lpsang iproj  ekb(:)
     1     0     1     8.1336241E+00  0.0000000E+00  0.0000000E+00  0.0000000E+00
                       0.0000000E+00  0.0000000E+00
     2     0     2     0.0000000E+00  1.2260308E+00  0.0000000E+00  0.0000000E+00
                       0.0000000E+00  0.0000000E+00
     3     1     1     0.0000000E+00  0.0000000E+00  5.9762547E+00  0.0000000E+00
                       0.0000000E+00  0.0000000E+00
     4     1     2     0.0000000E+00  0.0000000E+00  0.0000000E+00  1.0153184E+00
                       0.0000000E+00  0.0000000E+00
     5     2     1     0.0000000E+00  0.0000000E+00  0.0000000E+00  0.0000000E+00
                      -4.0924032E+00  0.0000000E+00
     6     2     2     0.0000000E+00  0.0000000E+00  0.0000000E+00  0.0000000E+00
                      -4.0924032E+00  0.0000000E+00
  Atom type=    2   pspso=  0   nekb=   6
  iln lpsang iproj  ekb(:)
     1     0     1     7.7907068E+00  0.0000000E+00  0.0000000E+00  0.0000000E+00
                       0.0000000E+00  0.0000000E+00
     2     0     2     0.0000000E+00  1.0443563E+00  0.0000000E+00  0.0000000E+00
                       0.0000000E+00  0.0000000E+00
     3     1     1     0.0000000E+00  0.0000000E+00  5.4633671E+00  0.0000000E+00
                       0.0000000E+00  0.0000000E+00
     4     1     2     0.0000000E+00  0.0000000E+00  0.0000000E+00  7.0439810E-01
                       0.0000000E+00  0.0000000E+00
     5     2     1     0.0000000E+00  0.0000000E+00  0.0000000E+00  0.0000000E+00
                      -4.7914887E+00  0.0000000E+00
     6     2     2     0.0000000E+00  0.0000000E+00  0.0000000E+00  0.0000000E+00
                      -4.7914887E+00  0.0000000E+00
 
 **** Database of total energy derivatives ****
 Number of data blocks=    1

 2nd derivatives (non-stat.)  - # elements :      36
 qpt  5.00000000E-01  0.00000000E+00  0.00000000E+00   1.0
   1   1   1   1  0.62069742680578D+01  0.40749359377686D-12
   1   1   2   1  0.25502144239126D+01  0.00000000000000D+00
   1   1   3   1  0.25502144239144D+01  0.00000000000000D+00
   1   1   1   2 -0.71067010121484D+00  0.78677424946659D-11
   1   1   2   2 -0.25184780416574D+01  0.13079234856967D-14
   1   1   3   2 -0.25184780416574D+01  0.12509957698423D-14
   2   1   1   1  0.25502144239163D+01  0.00000000000000D+00
   2   1   2   1  0.51004288478252D+01  0.00000000000000D+00
   2   1   3   1  0.25502144239126D+01  0.00000000000000D+00
   2   1   1   2 -0.25184780416574D+01  0.13079234856969D-14
   2   1   2   2 -0.50369560833148D+01  0.25986561773142D-14
   2   1   3   2 -0.25184780416572D+01  0.14592728157461D-14
   3   1   1   1  0.25502144239163D+01  0.00000000000000D+00
   3   1   2   1  0.25502144239126D+01  0.00000000000000D+00
   3   1   3   1  0.51004288478362D+01  0.00000000000000D+00
   3   1   1   2 -0.25184780416574D+01  0.12509957698424D-14
   3   1   2   2 -0.25184780416571D+01  0.14592728157461D-14
   3   1   3   2 -0.50369560833146D+01  0.23417368298271D-14
   1   2   1   1 -0.71067010822855D+00 -0.68088597134990D-11
   1   2   2   1 -0.25184780262511D+01  0.66133320795925D-14
   1   2   3   1 -0.25184780262511D+01  0.66702597954470D-14
   1   2   1   2  0.67000444144578D+01  0.35045683380836D-12
   1   2   2   2  0.28364007653799D+01  0.00000000000000D+00
   1   2   3   2  0.28364007653763D+01  0.00000000000000D+00
   2   2   1   1 -0.25184780262510D+01  0.66133320795923D-14
   2   2   2   1 -0.50369560525021D+01  0.13243854953264D-13
   2   2   3   1 -0.25184780262508D+01  0.64619827495431D-14
   2   2   1   2  0.28364007653799D+01  0.00000000000000D+00
   2   2   2   2  0.56728015307526D+01  0.00000000000000D+00
   2   2   3   2  0.28364007653818D+01  0.00000000000000D+00
   3   2   1   1 -0.25184780262511D+01  0.66702597954469D-14
   3   2   2   1 -0.25184780262508D+01  0.64619827495431D-14
   3   2   3   1 -0.50369560525020D+01  0.13500774300751D-13
   3   2   1   2  0.28364007653818D+01  0.00000000000000D+00
   3   2   2   2  0.28364007653799D+01  0.00000000000000D+00
   3   2   3   2  0.56728015307635D+01  0.00000000000000D+00
