
 **** DERIVATIVE DATABASE ****    
+DDB, Version number    100401

  Note : temporary (transfer) database

    usepaw         0
     natom         2
      nkpt       128
    nsppol         1
      nsym        24
    ntypat         2
    occopt         1
     nband        14
     acell  0.12181502674000D+02  0.12181502674000D+02  0.12181502674000D+02
       amu  0.11482000000000D+03  0.12175300000000D+03
   dilatmx  0.10000000000000D+01
      ecut  0.42000000000000D+02
    ecutsm  0.00000000000000D+00
     intxc         0
      iscf         7
       ixc     -1012
       kpt -0.12500000000000D+00 -0.25000000000000D+00  0.00000000000000D+00
           -0.25000000000000D+00 -0.12500000000000D+00  0.00000000000000D+00
           -0.12500000000000D+00 -0.12500000000000D+00  0.12500000000000D+00
           -0.12500000000000D+00  0.50000000000000D+00  0.00000000000000D+00
           -0.25000000000000D+00 -0.37500000000000D+00  0.00000000000000D+00
           -0.12500000000000D+00 -0.37500000000000D+00  0.12500000000000D+00
           -0.37500000000000D+00 -0.25000000000000D+00  0.00000000000000D+00
           -0.25000000000000D+00 -0.25000000000000D+00  0.12500000000000D+00
           -0.12500000000000D+00 -0.25000000000000D+00  0.25000000000000D+00
            0.50000000000000D+00 -0.12500000000000D+00  0.00000000000000D+00
           -0.37500000000000D+00 -0.12500000000000D+00  0.12500000000000D+00
           -0.25000000000000D+00 -0.12500000000000D+00  0.25000000000000D+00
           -0.12500000000000D+00 -0.12500000000000D+00  0.37500000000000D+00
           -0.12500000000000D+00  0.25000000000000D+00  0.00000000000000D+00
           -0.25000000000000D+00  0.37500000000000D+00  0.00000000000000D+00
           -0.12500000000000D+00  0.37500000000000D+00  0.12500000000000D+00
           -0.37500000000000D+00  0.50000000000000D+00  0.00000000000000D+00
           -0.25000000000000D+00  0.50000000000000D+00  0.12500000000000D+00
           -0.12500000000000D+00  0.50000000000000D+00  0.25000000000000D+00
            0.50000000000000D+00 -0.37500000000000D+00  0.00000000000000D+00
           -0.37500000000000D+00 -0.37500000000000D+00  0.12500000000000D+00
           -0.25000000000000D+00 -0.37500000000000D+00  0.25000000000000D+00
           -0.12500000000000D+00 -0.37500000000000D+00  0.37500000000000D+00
            0.37500000000000D+00 -0.25000000000000D+00  0.00000000000000D+00
            0.50000000000000D+00 -0.25000000000000D+00  0.12500000000000D+00
           -0.37500000000000D+00 -0.25000000000000D+00  0.25000000000000D+00
           -0.25000000000000D+00 -0.25000000000000D+00  0.37500000000000D+00
           -0.12500000000000D+00 -0.25000000000000D+00  0.50000000000000D+00
            0.25000000000000D+00 -0.12500000000000D+00  0.00000000000000D+00
            0.37500000000000D+00 -0.12500000000000D+00  0.12500000000000D+00
            0.50000000000000D+00 -0.12500000000000D+00  0.25000000000000D+00
           -0.37500000000000D+00 -0.12500000000000D+00  0.37500000000000D+00
           -0.25000000000000D+00 -0.12500000000000D+00  0.50000000000000D+00
           -0.12500000000000D+00 -0.12500000000000D+00 -0.37500000000000D+00
           -0.12500000000000D+00  0.00000000000000D+00  0.00000000000000D+00
           -0.12500000000000D+00  0.12500000000000D+00  0.12500000000000D+00
           -0.25000000000000D+00  0.25000000000000D+00  0.12500000000000D+00
           -0.12500000000000D+00  0.25000000000000D+00  0.25000000000000D+00
           -0.37500000000000D+00  0.37500000000000D+00  0.12500000000000D+00
           -0.25000000000000D+00  0.37500000000000D+00  0.25000000000000D+00
           -0.12500000000000D+00  0.37500000000000D+00  0.37500000000000D+00
            0.50000000000000D+00  0.50000000000000D+00  0.12500000000000D+00
           -0.37500000000000D+00  0.50000000000000D+00  0.25000000000000D+00
           -0.25000000000000D+00  0.50000000000000D+00  0.37500000000000D+00
           -0.12500000000000D+00  0.50000000000000D+00  0.50000000000000D+00
            0.37500000000000D+00 -0.37500000000000D+00  0.12500000000000D+00
            0.50000000000000D+00 -0.37500000000000D+00  0.25000000000000D+00
           -0.37500000000000D+00 -0.37500000000000D+00  0.37500000000000D+00
           -0.25000000000000D+00 -0.37500000000000D+00  0.50000000000000D+00
           -0.12500000000000D+00 -0.37500000000000D+00 -0.37500000000000D+00
            0.25000000000000D+00 -0.25000000000000D+00  0.12500000000000D+00
            0.37500000000000D+00 -0.25000000000000D+00  0.25000000000000D+00
            0.50000000000000D+00 -0.25000000000000D+00  0.37500000000000D+00
           -0.37500000000000D+00 -0.25000000000000D+00  0.50000000000000D+00
           -0.25000000000000D+00 -0.25000000000000D+00 -0.37500000000000D+00
           -0.12500000000000D+00 -0.25000000000000D+00 -0.25000000000000D+00
            0.00000000000000D+00 -0.12500000000000D+00  0.00000000000000D+00
            0.12500000000000D+00 -0.12500000000000D+00  0.12500000000000D+00
            0.25000000000000D+00 -0.12500000000000D+00  0.25000000000000D+00
            0.37500000000000D+00 -0.12500000000000D+00  0.37500000000000D+00
            0.50000000000000D+00 -0.12500000000000D+00  0.50000000000000D+00
           -0.37500000000000D+00 -0.12500000000000D+00 -0.37500000000000D+00
           -0.25000000000000D+00 -0.12500000000000D+00 -0.25000000000000D+00
           -0.12500000000000D+00 -0.12500000000000D+00 -0.12500000000000D+00
           -0.37500000000000D+00  0.00000000000000D+00  0.00000000000000D+00
           -0.25000000000000D+00  0.00000000000000D+00  0.12500000000000D+00
           -0.12500000000000D+00  0.00000000000000D+00  0.25000000000000D+00
           -0.37500000000000D+00  0.12500000000000D+00  0.12500000000000D+00
           -0.25000000000000D+00  0.12500000000000D+00  0.25000000000000D+00
           -0.12500000000000D+00  0.12500000000000D+00  0.37500000000000D+00
            0.50000000000000D+00  0.25000000000000D+00  0.12500000000000D+00
           -0.37500000000000D+00  0.25000000000000D+00  0.25000000000000D+00
           -0.25000000000000D+00  0.25000000000000D+00  0.37500000000000D+00
           -0.12500000000000D+00  0.25000000000000D+00  0.50000000000000D+00
            0.37500000000000D+00  0.37500000000000D+00  0.12500000000000D+00
            0.50000000000000D+00  0.37500000000000D+00  0.25000000000000D+00
           -0.37500000000000D+00  0.37500000000000D+00  0.37500000000000D+00
           -0.25000000000000D+00  0.37500000000000D+00  0.50000000000000D+00
           -0.12500000000000D+00  0.37500000000000D+00 -0.37500000000000D+00
            0.25000000000000D+00  0.50000000000000D+00  0.12500000000000D+00
            0.37500000000000D+00  0.50000000000000D+00  0.25000000000000D+00
            0.50000000000000D+00  0.50000000000000D+00  0.37500000000000D+00
           -0.37500000000000D+00  0.50000000000000D+00  0.50000000000000D+00
           -0.25000000000000D+00  0.50000000000000D+00 -0.37500000000000D+00
           -0.12500000000000D+00  0.50000000000000D+00 -0.25000000000000D+00
            0.00000000000000D+00 -0.37500000000000D+00  0.00000000000000D+00
            0.12500000000000D+00 -0.37500000000000D+00  0.12500000000000D+00
            0.25000000000000D+00 -0.37500000000000D+00  0.25000000000000D+00
            0.37500000000000D+00 -0.37500000000000D+00  0.37500000000000D+00
            0.50000000000000D+00 -0.37500000000000D+00  0.50000000000000D+00
           -0.37500000000000D+00 -0.37500000000000D+00 -0.37500000000000D+00
           -0.25000000000000D+00 -0.37500000000000D+00 -0.25000000000000D+00
           -0.12500000000000D+00 -0.37500000000000D+00 -0.12500000000000D+00
            0.00000000000000D+00 -0.25000000000000D+00  0.12500000000000D+00
            0.12500000000000D+00 -0.25000000000000D+00  0.25000000000000D+00
            0.25000000000000D+00 -0.25000000000000D+00  0.37500000000000D+00
            0.37500000000000D+00 -0.25000000000000D+00  0.50000000000000D+00
            0.50000000000000D+00 -0.25000000000000D+00 -0.37500000000000D+00
           -0.37500000000000D+00 -0.25000000000000D+00 -0.25000000000000D+00
           -0.25000000000000D+00 -0.25000000000000D+00 -0.12500000000000D+00
            0.00000000000000D+00 -0.12500000000000D+00  0.25000000000000D+00
            0.12500000000000D+00 -0.12500000000000D+00  0.37500000000000D+00
            0.25000000000000D+00 -0.12500000000000D+00  0.50000000000000D+00
            0.37500000000000D+00 -0.12500000000000D+00 -0.37500000000000D+00
            0.50000000000000D+00 -0.12500000000000D+00 -0.25000000000000D+00
           -0.37500000000000D+00 -0.12500000000000D+00 -0.12500000000000D+00
            0.50000000000000D+00  0.00000000000000D+00  0.12500000000000D+00
           -0.37500000000000D+00  0.00000000000000D+00  0.25000000000000D+00
           -0.25000000000000D+00  0.00000000000000D+00  0.37500000000000D+00
           -0.12500000000000D+00  0.00000000000000D+00  0.50000000000000D+00
            0.00000000000000D+00  0.50000000000000D+00  0.12500000000000D+00
            0.00000000000000D+00 -0.37500000000000D+00  0.25000000000000D+00
            0.00000000000000D+00 -0.25000000000000D+00  0.37500000000000D+00
            0.00000000000000D+00 -0.12500000000000D+00  0.50000000000000D+00
            0.25000000000000D+00  0.00000000000000D+00  0.12500000000000D+00
            0.37500000000000D+00  0.00000000000000D+00  0.25000000000000D+00
            0.50000000000000D+00  0.00000000000000D+00  0.37500000000000D+00
           -0.37500000000000D+00  0.00000000000000D+00  0.50000000000000D+00
           -0.25000000000000D+00  0.00000000000000D+00 -0.37500000000000D+00
           -0.12500000000000D+00  0.00000000000000D+00 -0.25000000000000D+00
            0.00000000000000D+00  0.25000000000000D+00  0.12500000000000D+00
            0.00000000000000D+00  0.37500000000000D+00  0.25000000000000D+00
            0.00000000000000D+00  0.50000000000000D+00  0.37500000000000D+00
            0.00000000000000D+00 -0.37500000000000D+00  0.50000000000000D+00
            0.00000000000000D+00 -0.25000000000000D+00 -0.37500000000000D+00
            0.00000000000000D+00 -0.12500000000000D+00 -0.25000000000000D+00
            0.00000000000000D+00  0.00000000000000D+00  0.12500000000000D+00
            0.00000000000000D+00  0.00000000000000D+00  0.37500000000000D+00
    kptnrm  0.10000000000000D+01
     ngfft        54   54   54
    nspden         1
   nspinor         1
       occ  0.20000000000000D+01  0.20000000000000D+01  0.20000000000000D+01
            0.20000000000000D+01  0.20000000000000D+01  0.20000000000000D+01
            0.20000000000000D+01  0.20000000000000D+01  0.20000000000000D+01
            0.20000000000000D+01  0.20000000000000D+01  0.20000000000000D+01
            0.20000000000000D+01  0.20000000000000D+01
     rprim  0.00000000000000D+00  0.50000000000000D+00  0.50000000000000D+00
            0.50000000000000D+00  0.00000000000000D+00  0.50000000000000D+00
            0.50000000000000D+00  0.50000000000000D+00  0.00000000000000D+00
  dfpt_sciss  0.00000000000000D+00
    spinat  0.00000000000000D+00  0.00000000000000D+00  0.00000000000000D+00
            0.00000000000000D+00  0.00000000000000D+00  0.00000000000000D+00
    symafm         1    1    1    1    1    1    1    1    1    1    1    1
                   1    1    1    1    1    1    1    1    1    1    1    1
    symrel         1    0    0    0    1    0    0    0    1
                   0   -1    1    0   -1    0    1   -1    0
                  -1    0    0   -1    0    1   -1    1    0
                   0    1   -1    1    0   -1    0    0   -1
                  -1    0    0   -1    1    0   -1    0    1
                   0   -1    1    1   -1    0    0   -1    0
                   1    0    0    0    0    1    0    1    0
                   0    1   -1    0    0   -1    1    0   -1
                  -1    0    1   -1    1    0   -1    0    0
                   0   -1    0    1   -1    0    0   -1    1
                   1    0   -1    0    0   -1    0    1   -1
                   0    1    0    0    0    1    1    0    0
                   1    0   -1    0    1   -1    0    0   -1
                   0   -1    0    0   -1    1    1   -1    0
                  -1    0    1   -1    0    0   -1    1    0
                   0    1    0    1    0    0    0    0    1
                   0    0   -1    0    1   -1    1    0   -1
                   1   -1    0    0   -1    1    0   -1    0
                   0    0    1    1    0    0    0    1    0
                  -1    1    0   -1    0    0   -1    0    1
                   0    0    1    0    1    0    1    0    0
                   1   -1    0    0   -1    0    0   -1    1
                   0    0   -1    1    0   -1    0    1   -1
                  -1    1    0   -1    0    1   -1    0    0
     tnons  0.00000000000000D+00  0.00000000000000D+00  0.00000000000000D+00
            0.00000000000000D+00  0.00000000000000D+00  0.00000000000000D+00
            0.00000000000000D+00  0.00000000000000D+00  0.00000000000000D+00
            0.00000000000000D+00  0.00000000000000D+00  0.00000000000000D+00
            0.00000000000000D+00  0.00000000000000D+00  0.00000000000000D+00
            0.00000000000000D+00  0.00000000000000D+00  0.00000000000000D+00
            0.00000000000000D+00  0.00000000000000D+00  0.00000000000000D+00
            0.00000000000000D+00  0.00000000000000D+00  0.00000000000000D+00
            0.00000000000000D+00  0.00000000000000D+00  0.00000000000000D+00
            0.00000000000000D+00  0.00000000000000D+00  0.00000000000000D+00
            0.00000000000000D+00  0.00000000000000D+00  0.00000000000000D+00
            0.00000000000000D+00  0.00000000000000D+00  0.00000000000000D+00
            0.00000000000000D+00  0.00000000000000D+00  0.00000000000000D+00
            0.00000000000000D+00  0.00000000000000D+00  0.00000000000000D+00
            0.00000000000000D+00  0.00000000000000D+00  0.00000000000000D+00
            0.00000000000000D+00  0.00000000000000D+00  0.00000000000000D+00
            0.00000000000000D+00  0.00000000000000D+00  0.00000000000000D+00
            0.00000000000000D+00  0.00000000000000D+00  0.00000000000000D+00
            0.00000000000000D+00  0.00000000000000D+00  0.00000000000000D+00
            0.00000000000000D+00  0.00000000000000D+00  0.00000000000000D+00
            0.00000000000000D+00  0.00000000000000D+00  0.00000000000000D+00
            0.00000000000000D+00  0.00000000000000D+00  0.00000000000000D+00
            0.00000000000000D+00  0.00000000000000D+00  0.00000000000000D+00
            0.00000000000000D+00  0.00000000000000D+00  0.00000000000000D+00
    tolwfr  0.10000000000000D+01
   tphysel  0.00000000000000D+00
    tsmear  0.10000000000000D-01
     typat         1    2
       wtk  0.78125000000000D-02  0.78125000000000D-02  0.78125000000000D-02
            0.78125000000000D-02  0.78125000000000D-02  0.78125000000000D-02
            0.78125000000000D-02  0.78125000000000D-02  0.78125000000000D-02
            0.78125000000000D-02  0.78125000000000D-02  0.78125000000000D-02
            0.78125000000000D-02  0.78125000000000D-02  0.78125000000000D-02
            0.78125000000000D-02  0.78125000000000D-02  0.78125000000000D-02
            0.78125000000000D-02  0.78125000000000D-02  0.78125000000000D-02
            0.78125000000000D-02  0.78125000000000D-02  0.78125000000000D-02
            0.78125000000000D-02  0.78125000000000D-02  0.78125000000000D-02
            0.78125000000000D-02  0.78125000000000D-02  0.78125000000000D-02
            0.78125000000000D-02  0.78125000000000D-02  0.78125000000000D-02
            0.78125000000000D-02  0.78125000000000D-02  0.78125000000000D-02
            0.78125000000000D-02  0.78125000000000D-02  0.78125000000000D-02
            0.78125000000000D-02  0.78125000000000D-02  0.78125000000000D-02
            0.78125000000000D-02  0.78125000000000D-02  0.78125000000000D-02
            0.78125000000000D-02  0.78125000000000D-02  0.78125000000000D-02
            0.78125000000000D-02  0.78125000000000D-02  0.78125000000000D-02
            0.78125000000000D-02  0.78125000000000D-02  0.78125000000000D-02
            0.78125000000000D-02  0.78125000000000D-02  0.78125000000000D-02
            0.78125000000000D-02  0.78125000000000D-02  0.78125000000000D-02
            0.78125000000000D-02  0.78125000000000D-02  0.78125000000000D-02
            0.78125000000000D-02  0.78125000000000D-02  0.78125000000000D-02
            0.78125000000000D-02  0.78125000000000D-02  0.78125000000000D-02
            0.78125000000000D-02  0.78125000000000D-02  0.78125000000000D-02
            0.78125000000000D-02  0.78125000000000D-02  0.78125000000000D-02
            0.78125000000000D-02  0.78125000000000D-02  0.78125000000000D-02
            0.78125000000000D-02  0.78125000000000D-02  0.78125000000000D-02
            0.78125000000000D-02  0.78125000000000D-02  0.78125000000000D-02
            0.78125000000000D-02  0.78125000000000D-02  0.78125000000000D-02
            0.78125000000000D-02  0.78125000000000D-02  0.78125000000000D-02
            0.78125000000000D-02  0.78125000000000D-02  0.78125000000000D-02
            0.78125000000000D-02  0.78125000000000D-02  0.78125000000000D-02
            0.78125000000000D-02  0.78125000000000D-02  0.78125000000000D-02
            0.78125000000000D-02  0.78125000000000D-02  0.78125000000000D-02
            0.78125000000000D-02  0.78125000000000D-02  0.78125000000000D-02
            0.78125000000000D-02  0.78125000000000D-02  0.78125000000000D-02
            0.78125000000000D-02  0.78125000000000D-02  0.78125000000000D-02
            0.78125000000000D-02  0.78125000000000D-02  0.78125000000000D-02
            0.78125000000000D-02  0.78125000000000D-02  0.78125000000000D-02
            0.78125000000000D-02  0.78125000000000D-02  0.78125000000000D-02
            0.78125000000000D-02  0.78125000000000D-02  0.78125000000000D-02
            0.78125000000000D-02  0.78125000000000D-02  0.78125000000000D-02
            0.78125000000000D-02  0.78125000000000D-02
      xred  0.00000000000000D+00  0.00000000000000D+00  0.00000000000000D+00
            0.25000000000000D+00  0.25000000000000D+00  0.25000000000000D+00
     znucl  0.49000000000000D+02  0.51000000000000D+02
      zion  0.13000000000000D+02  0.15000000000000D+02
 
  Description of the potentials (KB energies)
  vrsio8 (for pseudopotentials)=100401
  usepaw =  0
  dimekb =  6       lmnmax=  6
  Atom type=    1   pspso=  0   nekb=   6
  iln lpsang iproj  ekb(:)
     1     0     1     8.1336241E+00  0.0000000E+00  0.0000000E+00  0.0000000E+00
                       0.0000000E+00  0.0000000E+00
     2     0     2     0.0000000E+00  1.2260308E+00  0.0000000E+00  0.0000000E+00
                       0.0000000E+00  0.0000000E+00
     3     1     1     0.0000000E+00  0.0000000E+00  5.9762547E+00  0.0000000E+00
                       0.0000000E+00  0.0000000E+00
     4     1     2     0.0000000E+00  0.0000000E+00  0.0000000E+00  1.0153184E+00
                       0.0000000E+00  0.0000000E+00
     5     2     1     0.0000000E+00  0.0000000E+00  0.0000000E+00  0.0000000E+00
                      -4.0924032E+00  0.0000000E+00
     6     2     2     0.0000000E+00  0.0000000E+00  0.0000000E+00  0.0000000E+00
                      -4.0924032E+00  0.0000000E+00
  Atom type=    2   pspso=  0   nekb=   6
  iln lpsang iproj  ekb(:)
     1     0     1     7.7907068E+00  0.0000000E+00  0.0000000E+00  0.0000000E+00
                       0.0000000E+00  0.0000000E+00
     2     0     2     0.0000000E+00  1.0443563E+00  0.0000000E+00  0.0000000E+00
                       0.0000000E+00  0.0000000E+00
     3     1     1     0.0000000E+00  0.0000000E+00  5.4633671E+00  0.0000000E+00
                       0.0000000E+00  0.0000000E+00
     4     1     2     0.0000000E+00  0.0000000E+00  0.0000000E+00  7.0439810E-01
                       0.0000000E+00  0.0000000E+00
     5     2     1     0.0000000E+00  0.0000000E+00  0.0000000E+00  0.0000000E+00
                      -4.7914887E+00  0.0000000E+00
     6     2     2     0.0000000E+00  0.0000000E+00  0.0000000E+00  0.0000000E+00
                      -4.7914887E+00  0.0000000E+00
 
 **** Database of total energy derivatives ****
 Number of data blocks=    1

 2nd derivatives (non-stat.)  - # elements :      81
 qpt  0.00000000E+00  0.00000000E+00  0.00000000E+00   1.0
   1   1   1   1  0.53548943907044D+01  0.00000000000000D+00
   1   1   2   1  0.26774471953504D+01  0.00000000000000D+00
   1   1   3   1  0.26774471953522D+01  0.00000000000000D+00
   1   1   1   2 -0.53548997731719D+01  0.46203983350322D-16
   1   1   2   2 -0.26774498865859D+01  0.11132632778987D-15
   1   1   3   2 -0.26774498865859D+01 -0.27339834495743D-15
   1   1   1   4 -0.67536414282598D+02  0.00000000000000D+00
   1   1   2   4 -0.14461501427970D-15  0.00000000000000D+00
   1   1   3   4 -0.12177522360051D-15  0.00000000000000D+00
   2   1   1   1  0.26774471953504D+01  0.00000000000000D+00
   2   1   2   1  0.53548943907044D+01  0.00000000000000D+00
   2   1   3   1  0.26774471953522D+01  0.00000000000000D+00
   2   1   1   2 -0.26774498865859D+01  0.11132632778987D-15
   2   1   2   2 -0.53548997731719D+01 -0.24075115104497D-15
   2   1   3   2 -0.26774498865860D+01 -0.11587179647361D-15
   2   1   1   4  0.00000000000000D+00  0.00000000000000D+00
   2   1   2   4 -0.67536414282598D+02  0.00000000000000D+00
   2   1   3   4 -0.34538226186045D-15  0.00000000000000D+00
   3   1   1   1  0.26774471953504D+01  0.00000000000000D+00
   3   1   2   1  0.26774471953522D+01  0.00000000000000D+00
   3   1   3   1  0.53548943907044D+01  0.00000000000000D+00
   3   1   1   2 -0.26774498865859D+01 -0.27339834495743D-15
   3   1   2   2 -0.26774498865860D+01 -0.11587179647361D-15
   3   1   3   2 -0.53548997731719D+01  0.26544717418767D-15
   3   1   1   4  0.00000000000000D+00  0.00000000000000D+00
   3   1   2   4 -0.42783199758130D-16  0.00000000000000D+00
   3   1   3   4 -0.67536414282598D+02  0.00000000000000D+00
   1   2   1   1 -0.53548992574465D+01 -0.46203983350322D-16
   1   2   2   1 -0.26774496287231D+01 -0.11132632778987D-15
   1   2   3   1 -0.26774496287232D+01  0.27339834495743D-15
   1   2   1   2  0.53549005790519D+01  0.00000000000000D+00
   1   2   2   2  0.26774502895296D+01  0.00000000000000D+00
   1   2   3   2  0.26774502895296D+01  0.00000000000000D+00
   1   2   1   4 -0.11011080191278D+03  0.00000000000000D+00
   1   2   2   4  0.21050274373420D-15  0.00000000000000D+00
   1   2   3   4  0.74836668938193D-16  0.00000000000000D+00
   2   2   1   1 -0.26774496287231D+01 -0.11132632778987D-15
   2   2   2   1 -0.53548992574464D+01  0.24075115104497D-15
   2   2   3   1 -0.26774496287232D+01  0.11587179647361D-15
   2   2   1   2  0.26774502895260D+01  0.00000000000000D+00
   2   2   2   2  0.53549005790446D+01  0.00000000000000D+00
   2   2   3   2  0.26774502895278D+01  0.00000000000000D+00
   2   2   1   4  0.00000000000000D+00  0.00000000000000D+00
   2   2   2   4 -0.11011080191278D+03  0.00000000000000D+00
   2   2   3   4  0.96627577505600D-17  0.00000000000000D+00
   3   2   1   1 -0.26774496287232D+01  0.27339834495743D-15
   3   2   2   1 -0.26774496287232D+01  0.11587179647361D-15
   3   2   3   1 -0.53548992574465D+01 -0.26544717418767D-15
   3   2   1   2  0.26774502895296D+01  0.00000000000000D+00
   3   2   2   2  0.26774502895241D+01  0.00000000000000D+00
   3   2   3   2  0.53549005790519D+01  0.00000000000000D+00
   3   2   1   4  0.00000000000000D+00  0.00000000000000D+00
   3   2   2   4 -0.24160562343390D-15  0.00000000000000D+00
   3   2   3   4 -0.11011080191278D+03  0.00000000000000D+00
   1   4   1   1 -0.67536415847860D+02  0.00000000000000D+00
   1   4   2   1  0.00000000000000D+00  0.00000000000000D+00
   1   4   3   1  0.00000000000000D+00  0.00000000000000D+00
   1   4   1   2 -0.11011080059258D+03  0.00000000000000D+00
   1   4   2   2  0.00000000000000D+00  0.00000000000000D+00
   1   4   3   2  0.11842378929335D-14  0.00000000000000D+00
   1   4   1   4 -0.64499710118871D+03  0.00000000000000D+00
   1   4   2   4  0.21499903372957D+03  0.00000000000000D+00
   1   4   3   4  0.21499903372957D+03  0.00000000000000D+00
   2   4   1   1 -0.48999727614015D-15  0.00000000000000D+00
   2   4   2   1 -0.67536415847860D+02  0.00000000000000D+00
   2   4   3   1  0.54933574684648D-15  0.00000000000000D+00
   2   4   1   2  0.22016550231194D-15  0.00000000000000D+00
   2   4   2   2 -0.11011080059258D+03  0.00000000000000D+00
   2   4   3   2 -0.24160562343390D-15  0.00000000000000D+00
   2   4   1   4  0.21499903372957D+03  0.00000000000000D+00
   2   4   2   4 -0.64499710118871D+03  0.00000000000000D+00
   2   4   3   4  0.21499903372957D+03  0.00000000000000D+00
   3   4   1   1  0.24326059153385D-15  0.00000000000000D+00
   3   4   2   1  0.26639023788021D-15  0.00000000000000D+00
   3   4   3   1 -0.67536415847860D+02  0.00000000000000D+00
   3   4   1   2 -0.82194720790789D-15  0.00000000000000D+00
   3   4   2   2  0.30677953379435D-15  0.00000000000000D+00
   3   4   3   2 -0.11011080059258D+03  0.00000000000000D+00
   3   4   1   4  0.21499903372957D+03  0.00000000000000D+00
   3   4   2   4  0.21499903372957D+03  0.00000000000000D+00
   3   4   3   4 -0.64499710118871D+03  0.00000000000000D+00
