 Fermi (or HOMO) energy (hartree) =   0.15578   Average Vxc (hartree)=  -0.34921
 Eigenvalues (hartree) for nkpt=  10  k points:
 kpt#   1, nband= 14, wtk=  0.09375, kpt= -0.1250 -0.2500  0.0000 (reduced coord)
  -0.88612   -0.88608   -0.88608   -0.88544   -0.88542   -0.37411   -0.37247   -0.37242
  -0.36983   -0.36959   -0.21786    0.04067    0.12508    0.12673
 kpt#   2, nband= 14, wtk=  0.09375, kpt= -0.1250  0.5000  0.0000 (reduced coord)
  -0.88610   -0.88607   -0.88606   -0.88542   -0.88541   -0.37509   -0.37212   -0.37205
  -0.36974   -0.36959   -0.18307   -0.04405    0.09253    0.11646
 kpt#   3, nband= 14, wtk=  0.09375, kpt= -0.2500 -0.3750  0.0000 (reduced coord)
  -0.88614   -0.88605   -0.88605   -0.88545   -0.88539   -0.37527   -0.37183   -0.37178
  -0.37012   -0.36948   -0.19332   -0.01077    0.08747    0.09915
 kpt#   4, nband= 14, wtk=  0.18750, kpt= -0.1250 -0.3750  0.1250 (reduced coord)
  -0.88611   -0.88607   -0.88605   -0.88543   -0.88540   -0.37518   -0.37202   -0.37186
  -0.36990   -0.36958   -0.18525   -0.02871    0.06832    0.10806
 kpt#   5, nband= 14, wtk=  0.09375, kpt= -0.1250  0.2500  0.0000 (reduced coord)
  -0.88610   -0.88608   -0.88607   -0.88543   -0.88542   -0.37444   -0.37240   -0.37227
  -0.36976   -0.36963   -0.20583    0.00473    0.09663    0.13944
 kpt#   6, nband= 14, wtk=  0.09375, kpt= -0.2500  0.3750  0.0000 (reduced coord)
  -0.88610   -0.88607   -0.88605   -0.88543   -0.88540   -0.37540   -0.37188   -0.37176
  -0.36985   -0.36966   -0.17376   -0.04466    0.05114    0.10742
 kpt#   7, nband= 14, wtk=  0.09375, kpt= -0.3750  0.5000  0.0000 (reduced coord)
  -0.88615   -0.88603   -0.88602   -0.88545   -0.88537   -0.37603   -0.37137   -0.37130
  -0.37034   -0.36943   -0.16740   -0.05053    0.06675    0.08385
 kpt#   8, nband= 14, wtk=  0.18750, kpt= -0.2500  0.5000  0.1250 (reduced coord)
  -0.88611   -0.88606   -0.88602   -0.88544   -0.88539   -0.37573   -0.37173   -0.37143
  -0.37006   -0.36958   -0.16605   -0.05045    0.05132    0.08060
 kpt#   9, nband= 14, wtk=  0.03125, kpt= -0.1250  0.0000  0.0000 (reduced coord)
  -0.88610   -0.88610   -0.88610   -0.88544   -0.88544   -0.37328   -0.37285   -0.37285
  -0.36967   -0.36967   -0.23145    0.09231    0.15578    0.15578
 kpt#  10, nband= 14, wtk=  0.03125, kpt= -0.3750  0.0000  0.0000 (reduced coord)
  -0.88610   -0.88607   -0.88607   -0.88542   -0.88542   -0.37467   -0.37230   -0.37230
  -0.36964   -0.36964   -0.19660   -0.02532    0.12985    0.12985
