
 **** DERIVATIVE DATABASE ****    
+DDB, Version number    100401

 InSb phonons on 4 4 4 mesh

    usepaw         0
     natom         2
      nkpt       256
    nsppol         1
      nsym        24
    ntypat         2
    occopt         1
     nband        14
     acell  0.12181502674000D+02  0.12181502674000D+02  0.12181502674000D+02
       amu  0.11482000000000D+03  0.12175300000000D+03
   dilatmx  0.10000000000000D+01
      ecut  0.42000000000000D+02
    ecutsm  0.00000000000000D+00
     intxc         0
      iscf         7
       ixc     -1012
       kpt -0.12500000000000D+00 -0.25000000000000D+00  0.00000000000000D+00
           -0.25000000000000D+00 -0.12500000000000D+00  0.00000000000000D+00
           -0.12500000000000D+00 -0.12500000000000D+00  0.12500000000000D+00
           -0.12500000000000D+00  0.50000000000000D+00  0.00000000000000D+00
           -0.25000000000000D+00 -0.37500000000000D+00  0.00000000000000D+00
           -0.12500000000000D+00 -0.37500000000000D+00  0.12500000000000D+00
           -0.37500000000000D+00 -0.25000000000000D+00  0.00000000000000D+00
           -0.25000000000000D+00 -0.25000000000000D+00  0.12500000000000D+00
           -0.12500000000000D+00 -0.25000000000000D+00  0.25000000000000D+00
            0.50000000000000D+00 -0.12500000000000D+00  0.00000000000000D+00
           -0.37500000000000D+00 -0.12500000000000D+00  0.12500000000000D+00
           -0.25000000000000D+00 -0.12500000000000D+00  0.25000000000000D+00
           -0.12500000000000D+00 -0.12500000000000D+00  0.37500000000000D+00
           -0.12500000000000D+00  0.25000000000000D+00  0.00000000000000D+00
           -0.25000000000000D+00  0.37500000000000D+00  0.00000000000000D+00
           -0.12500000000000D+00  0.37500000000000D+00  0.12500000000000D+00
           -0.37500000000000D+00  0.50000000000000D+00  0.00000000000000D+00
           -0.25000000000000D+00  0.50000000000000D+00  0.12500000000000D+00
           -0.12500000000000D+00  0.50000000000000D+00  0.25000000000000D+00
            0.50000000000000D+00 -0.37500000000000D+00  0.00000000000000D+00
           -0.37500000000000D+00 -0.37500000000000D+00  0.12500000000000D+00
           -0.25000000000000D+00 -0.37500000000000D+00  0.25000000000000D+00
           -0.12500000000000D+00 -0.37500000000000D+00  0.37500000000000D+00
            0.37500000000000D+00 -0.25000000000000D+00  0.00000000000000D+00
            0.50000000000000D+00 -0.25000000000000D+00  0.12500000000000D+00
           -0.37500000000000D+00 -0.25000000000000D+00  0.25000000000000D+00
           -0.25000000000000D+00 -0.25000000000000D+00  0.37500000000000D+00
           -0.12500000000000D+00 -0.25000000000000D+00  0.50000000000000D+00
            0.25000000000000D+00 -0.12500000000000D+00  0.00000000000000D+00
            0.37500000000000D+00 -0.12500000000000D+00  0.12500000000000D+00
            0.50000000000000D+00 -0.12500000000000D+00  0.25000000000000D+00
           -0.37500000000000D+00 -0.12500000000000D+00  0.37500000000000D+00
           -0.25000000000000D+00 -0.12500000000000D+00  0.50000000000000D+00
           -0.12500000000000D+00 -0.12500000000000D+00 -0.37500000000000D+00
           -0.12500000000000D+00  0.00000000000000D+00  0.00000000000000D+00
           -0.25000000000000D+00  0.12500000000000D+00  0.00000000000000D+00
           -0.12500000000000D+00  0.12500000000000D+00  0.12500000000000D+00
           -0.37500000000000D+00  0.25000000000000D+00  0.00000000000000D+00
           -0.25000000000000D+00  0.25000000000000D+00  0.12500000000000D+00
           -0.12500000000000D+00  0.25000000000000D+00  0.25000000000000D+00
            0.50000000000000D+00  0.37500000000000D+00  0.00000000000000D+00
           -0.37500000000000D+00  0.37500000000000D+00  0.12500000000000D+00
           -0.25000000000000D+00  0.37500000000000D+00  0.25000000000000D+00
           -0.12500000000000D+00  0.37500000000000D+00  0.37500000000000D+00
            0.37500000000000D+00  0.50000000000000D+00  0.00000000000000D+00
            0.50000000000000D+00  0.50000000000000D+00  0.12500000000000D+00
           -0.37500000000000D+00  0.50000000000000D+00  0.25000000000000D+00
           -0.25000000000000D+00  0.50000000000000D+00  0.37500000000000D+00
           -0.12500000000000D+00  0.50000000000000D+00  0.50000000000000D+00
            0.25000000000000D+00 -0.37500000000000D+00  0.00000000000000D+00
            0.37500000000000D+00 -0.37500000000000D+00  0.12500000000000D+00
            0.50000000000000D+00 -0.37500000000000D+00  0.25000000000000D+00
           -0.37500000000000D+00 -0.37500000000000D+00  0.37500000000000D+00
           -0.25000000000000D+00 -0.37500000000000D+00  0.50000000000000D+00
           -0.12500000000000D+00 -0.37500000000000D+00 -0.37500000000000D+00
            0.12500000000000D+00 -0.25000000000000D+00  0.00000000000000D+00
            0.25000000000000D+00 -0.25000000000000D+00  0.12500000000000D+00
            0.37500000000000D+00 -0.25000000000000D+00  0.25000000000000D+00
            0.50000000000000D+00 -0.25000000000000D+00  0.37500000000000D+00
           -0.37500000000000D+00 -0.25000000000000D+00  0.50000000000000D+00
           -0.25000000000000D+00 -0.25000000000000D+00 -0.37500000000000D+00
           -0.12500000000000D+00 -0.25000000000000D+00 -0.25000000000000D+00
            0.00000000000000D+00 -0.12500000000000D+00  0.00000000000000D+00
            0.12500000000000D+00 -0.12500000000000D+00  0.12500000000000D+00
            0.25000000000000D+00 -0.12500000000000D+00  0.25000000000000D+00
            0.37500000000000D+00 -0.12500000000000D+00  0.37500000000000D+00
            0.50000000000000D+00 -0.12500000000000D+00  0.50000000000000D+00
           -0.37500000000000D+00 -0.12500000000000D+00 -0.37500000000000D+00
           -0.25000000000000D+00 -0.12500000000000D+00 -0.25000000000000D+00
           -0.12500000000000D+00 -0.12500000000000D+00 -0.12500000000000D+00
           -0.37500000000000D+00  0.00000000000000D+00  0.00000000000000D+00
           -0.25000000000000D+00  0.00000000000000D+00  0.12500000000000D+00
           -0.12500000000000D+00  0.00000000000000D+00  0.25000000000000D+00
            0.50000000000000D+00  0.12500000000000D+00  0.00000000000000D+00
           -0.37500000000000D+00  0.12500000000000D+00  0.12500000000000D+00
           -0.25000000000000D+00  0.12500000000000D+00  0.25000000000000D+00
           -0.12500000000000D+00  0.12500000000000D+00  0.37500000000000D+00
            0.37500000000000D+00  0.25000000000000D+00  0.00000000000000D+00
            0.50000000000000D+00  0.25000000000000D+00  0.12500000000000D+00
           -0.37500000000000D+00  0.25000000000000D+00  0.25000000000000D+00
           -0.25000000000000D+00  0.25000000000000D+00  0.37500000000000D+00
           -0.12500000000000D+00  0.25000000000000D+00  0.50000000000000D+00
            0.25000000000000D+00  0.37500000000000D+00  0.00000000000000D+00
            0.37500000000000D+00  0.37500000000000D+00  0.12500000000000D+00
            0.50000000000000D+00  0.37500000000000D+00  0.25000000000000D+00
           -0.37500000000000D+00  0.37500000000000D+00  0.37500000000000D+00
           -0.25000000000000D+00  0.37500000000000D+00  0.50000000000000D+00
           -0.12500000000000D+00  0.37500000000000D+00 -0.37500000000000D+00
            0.12500000000000D+00  0.50000000000000D+00  0.00000000000000D+00
            0.25000000000000D+00  0.50000000000000D+00  0.12500000000000D+00
            0.37500000000000D+00  0.50000000000000D+00  0.25000000000000D+00
            0.50000000000000D+00  0.50000000000000D+00  0.37500000000000D+00
           -0.37500000000000D+00  0.50000000000000D+00  0.50000000000000D+00
           -0.25000000000000D+00  0.50000000000000D+00 -0.37500000000000D+00
           -0.12500000000000D+00  0.50000000000000D+00 -0.25000000000000D+00
            0.00000000000000D+00 -0.37500000000000D+00  0.00000000000000D+00
            0.12500000000000D+00 -0.37500000000000D+00  0.12500000000000D+00
            0.25000000000000D+00 -0.37500000000000D+00  0.25000000000000D+00
            0.37500000000000D+00 -0.37500000000000D+00  0.37500000000000D+00
            0.50000000000000D+00 -0.37500000000000D+00  0.50000000000000D+00
           -0.37500000000000D+00 -0.37500000000000D+00 -0.37500000000000D+00
           -0.25000000000000D+00 -0.37500000000000D+00 -0.25000000000000D+00
           -0.12500000000000D+00 -0.37500000000000D+00 -0.12500000000000D+00
            0.00000000000000D+00 -0.25000000000000D+00  0.12500000000000D+00
            0.12500000000000D+00 -0.25000000000000D+00  0.25000000000000D+00
            0.25000000000000D+00 -0.25000000000000D+00  0.37500000000000D+00
            0.37500000000000D+00 -0.25000000000000D+00  0.50000000000000D+00
            0.50000000000000D+00 -0.25000000000000D+00 -0.37500000000000D+00
           -0.37500000000000D+00 -0.25000000000000D+00 -0.25000000000000D+00
           -0.25000000000000D+00 -0.25000000000000D+00 -0.12500000000000D+00
            0.00000000000000D+00 -0.12500000000000D+00  0.25000000000000D+00
            0.12500000000000D+00 -0.12500000000000D+00  0.37500000000000D+00
            0.25000000000000D+00 -0.12500000000000D+00  0.50000000000000D+00
            0.37500000000000D+00 -0.12500000000000D+00 -0.37500000000000D+00
            0.50000000000000D+00 -0.12500000000000D+00 -0.25000000000000D+00
           -0.37500000000000D+00 -0.12500000000000D+00 -0.12500000000000D+00
            0.37500000000000D+00  0.00000000000000D+00  0.00000000000000D+00
            0.50000000000000D+00  0.00000000000000D+00  0.12500000000000D+00
           -0.37500000000000D+00  0.00000000000000D+00  0.25000000000000D+00
           -0.25000000000000D+00  0.00000000000000D+00  0.37500000000000D+00
           -0.12500000000000D+00  0.00000000000000D+00  0.50000000000000D+00
            0.25000000000000D+00  0.12500000000000D+00  0.00000000000000D+00
            0.37500000000000D+00  0.12500000000000D+00  0.12500000000000D+00
            0.50000000000000D+00  0.12500000000000D+00  0.25000000000000D+00
           -0.37500000000000D+00  0.12500000000000D+00  0.37500000000000D+00
           -0.25000000000000D+00  0.12500000000000D+00  0.50000000000000D+00
           -0.12500000000000D+00  0.12500000000000D+00 -0.37500000000000D+00
            0.12500000000000D+00  0.25000000000000D+00  0.00000000000000D+00
            0.25000000000000D+00  0.25000000000000D+00  0.12500000000000D+00
            0.37500000000000D+00  0.25000000000000D+00  0.25000000000000D+00
            0.50000000000000D+00  0.25000000000000D+00  0.37500000000000D+00
           -0.37500000000000D+00  0.25000000000000D+00  0.50000000000000D+00
           -0.25000000000000D+00  0.25000000000000D+00 -0.37500000000000D+00
           -0.12500000000000D+00  0.25000000000000D+00 -0.25000000000000D+00
            0.00000000000000D+00  0.37500000000000D+00  0.00000000000000D+00
            0.12500000000000D+00  0.37500000000000D+00  0.12500000000000D+00
            0.25000000000000D+00  0.37500000000000D+00  0.25000000000000D+00
            0.37500000000000D+00  0.37500000000000D+00  0.37500000000000D+00
            0.50000000000000D+00  0.37500000000000D+00  0.50000000000000D+00
           -0.37500000000000D+00  0.37500000000000D+00 -0.37500000000000D+00
           -0.25000000000000D+00  0.37500000000000D+00 -0.25000000000000D+00
           -0.12500000000000D+00  0.37500000000000D+00 -0.12500000000000D+00
            0.00000000000000D+00  0.50000000000000D+00  0.12500000000000D+00
            0.12500000000000D+00  0.50000000000000D+00  0.25000000000000D+00
            0.25000000000000D+00  0.50000000000000D+00  0.37500000000000D+00
            0.37500000000000D+00  0.50000000000000D+00  0.50000000000000D+00
            0.50000000000000D+00  0.50000000000000D+00 -0.37500000000000D+00
           -0.37500000000000D+00  0.50000000000000D+00 -0.25000000000000D+00
           -0.25000000000000D+00  0.50000000000000D+00 -0.12500000000000D+00
            0.00000000000000D+00 -0.37500000000000D+00  0.25000000000000D+00
            0.12500000000000D+00 -0.37500000000000D+00  0.37500000000000D+00
            0.25000000000000D+00 -0.37500000000000D+00  0.50000000000000D+00
            0.37500000000000D+00 -0.37500000000000D+00 -0.37500000000000D+00
            0.50000000000000D+00 -0.37500000000000D+00 -0.25000000000000D+00
           -0.37500000000000D+00 -0.37500000000000D+00 -0.12500000000000D+00
            0.00000000000000D+00 -0.25000000000000D+00  0.37500000000000D+00
            0.12500000000000D+00 -0.25000000000000D+00  0.50000000000000D+00
            0.25000000000000D+00 -0.25000000000000D+00 -0.37500000000000D+00
            0.37500000000000D+00 -0.25000000000000D+00 -0.25000000000000D+00
            0.50000000000000D+00 -0.25000000000000D+00 -0.12500000000000D+00
            0.00000000000000D+00 -0.12500000000000D+00  0.50000000000000D+00
            0.12500000000000D+00 -0.12500000000000D+00 -0.37500000000000D+00
            0.25000000000000D+00 -0.12500000000000D+00 -0.25000000000000D+00
            0.37500000000000D+00 -0.12500000000000D+00 -0.12500000000000D+00
            0.12500000000000D+00  0.00000000000000D+00  0.00000000000000D+00
            0.25000000000000D+00  0.00000000000000D+00  0.12500000000000D+00
            0.37500000000000D+00  0.00000000000000D+00  0.25000000000000D+00
            0.50000000000000D+00  0.00000000000000D+00  0.37500000000000D+00
           -0.37500000000000D+00  0.00000000000000D+00  0.50000000000000D+00
           -0.25000000000000D+00  0.00000000000000D+00 -0.37500000000000D+00
           -0.12500000000000D+00  0.00000000000000D+00 -0.25000000000000D+00
            0.00000000000000D+00  0.12500000000000D+00  0.00000000000000D+00
            0.12500000000000D+00  0.12500000000000D+00  0.12500000000000D+00
            0.25000000000000D+00  0.12500000000000D+00  0.25000000000000D+00
            0.37500000000000D+00  0.12500000000000D+00  0.37500000000000D+00
            0.50000000000000D+00  0.12500000000000D+00  0.50000000000000D+00
           -0.37500000000000D+00  0.12500000000000D+00 -0.37500000000000D+00
           -0.25000000000000D+00  0.12500000000000D+00 -0.25000000000000D+00
           -0.12500000000000D+00  0.12500000000000D+00 -0.12500000000000D+00
            0.00000000000000D+00  0.25000000000000D+00  0.12500000000000D+00
            0.12500000000000D+00  0.25000000000000D+00  0.25000000000000D+00
            0.25000000000000D+00  0.25000000000000D+00  0.37500000000000D+00
            0.37500000000000D+00  0.25000000000000D+00  0.50000000000000D+00
            0.50000000000000D+00  0.25000000000000D+00 -0.37500000000000D+00
           -0.37500000000000D+00  0.25000000000000D+00 -0.25000000000000D+00
           -0.25000000000000D+00  0.25000000000000D+00 -0.12500000000000D+00
            0.00000000000000D+00  0.37500000000000D+00  0.25000000000000D+00
            0.12500000000000D+00  0.37500000000000D+00  0.37500000000000D+00
            0.25000000000000D+00  0.37500000000000D+00  0.50000000000000D+00
            0.37500000000000D+00  0.37500000000000D+00 -0.37500000000000D+00
            0.50000000000000D+00  0.37500000000000D+00 -0.25000000000000D+00
           -0.37500000000000D+00  0.37500000000000D+00 -0.12500000000000D+00
            0.00000000000000D+00  0.50000000000000D+00  0.37500000000000D+00
            0.12500000000000D+00  0.50000000000000D+00  0.50000000000000D+00
            0.25000000000000D+00  0.50000000000000D+00 -0.37500000000000D+00
            0.37500000000000D+00  0.50000000000000D+00 -0.25000000000000D+00
            0.50000000000000D+00  0.50000000000000D+00 -0.12500000000000D+00
            0.00000000000000D+00 -0.37500000000000D+00  0.50000000000000D+00
            0.12500000000000D+00 -0.37500000000000D+00 -0.37500000000000D+00
            0.25000000000000D+00 -0.37500000000000D+00 -0.25000000000000D+00
            0.37500000000000D+00 -0.37500000000000D+00 -0.12500000000000D+00
            0.00000000000000D+00 -0.25000000000000D+00 -0.37500000000000D+00
            0.12500000000000D+00 -0.25000000000000D+00 -0.25000000000000D+00
            0.25000000000000D+00 -0.25000000000000D+00 -0.12500000000000D+00
            0.00000000000000D+00 -0.12500000000000D+00 -0.25000000000000D+00
            0.12500000000000D+00 -0.12500000000000D+00 -0.12500000000000D+00
            0.00000000000000D+00  0.00000000000000D+00  0.12500000000000D+00
            0.12500000000000D+00  0.00000000000000D+00  0.25000000000000D+00
            0.25000000000000D+00  0.00000000000000D+00  0.37500000000000D+00
            0.37500000000000D+00  0.00000000000000D+00  0.50000000000000D+00
            0.50000000000000D+00  0.00000000000000D+00 -0.37500000000000D+00
           -0.37500000000000D+00  0.00000000000000D+00 -0.25000000000000D+00
           -0.25000000000000D+00  0.00000000000000D+00 -0.12500000000000D+00
            0.00000000000000D+00  0.12500000000000D+00  0.25000000000000D+00
            0.12500000000000D+00  0.12500000000000D+00  0.37500000000000D+00
            0.25000000000000D+00  0.12500000000000D+00  0.50000000000000D+00
            0.37500000000000D+00  0.12500000000000D+00 -0.37500000000000D+00
            0.50000000000000D+00  0.12500000000000D+00 -0.25000000000000D+00
           -0.37500000000000D+00  0.12500000000000D+00 -0.12500000000000D+00
            0.00000000000000D+00  0.25000000000000D+00  0.37500000000000D+00
            0.12500000000000D+00  0.25000000000000D+00  0.50000000000000D+00
            0.25000000000000D+00  0.25000000000000D+00 -0.37500000000000D+00
            0.37500000000000D+00  0.25000000000000D+00 -0.25000000000000D+00
            0.50000000000000D+00  0.25000000000000D+00 -0.12500000000000D+00
            0.00000000000000D+00  0.37500000000000D+00  0.50000000000000D+00
            0.12500000000000D+00  0.37500000000000D+00 -0.37500000000000D+00
            0.25000000000000D+00  0.37500000000000D+00 -0.25000000000000D+00
            0.37500000000000D+00  0.37500000000000D+00 -0.12500000000000D+00
            0.00000000000000D+00  0.50000000000000D+00 -0.37500000000000D+00
            0.12500000000000D+00  0.50000000000000D+00 -0.25000000000000D+00
            0.25000000000000D+00  0.50000000000000D+00 -0.12500000000000D+00
            0.00000000000000D+00 -0.37500000000000D+00 -0.25000000000000D+00
            0.12500000000000D+00 -0.37500000000000D+00 -0.12500000000000D+00
            0.00000000000000D+00 -0.25000000000000D+00 -0.12500000000000D+00
            0.00000000000000D+00  0.00000000000000D+00  0.37500000000000D+00
            0.12500000000000D+00  0.00000000000000D+00  0.50000000000000D+00
            0.25000000000000D+00  0.00000000000000D+00 -0.37500000000000D+00
            0.37500000000000D+00  0.00000000000000D+00 -0.25000000000000D+00
            0.50000000000000D+00  0.00000000000000D+00 -0.12500000000000D+00
            0.00000000000000D+00  0.12500000000000D+00  0.50000000000000D+00
            0.12500000000000D+00  0.12500000000000D+00 -0.37500000000000D+00
            0.25000000000000D+00  0.12500000000000D+00 -0.25000000000000D+00
            0.37500000000000D+00  0.12500000000000D+00 -0.12500000000000D+00
            0.00000000000000D+00  0.25000000000000D+00 -0.37500000000000D+00
            0.12500000000000D+00  0.25000000000000D+00 -0.25000000000000D+00
            0.25000000000000D+00  0.25000000000000D+00 -0.12500000000000D+00
            0.00000000000000D+00  0.37500000000000D+00 -0.25000000000000D+00
            0.12500000000000D+00  0.37500000000000D+00 -0.12500000000000D+00
            0.00000000000000D+00  0.50000000000000D+00 -0.12500000000000D+00
            0.00000000000000D+00  0.00000000000000D+00 -0.37500000000000D+00
            0.12500000000000D+00  0.00000000000000D+00 -0.25000000000000D+00
            0.25000000000000D+00  0.00000000000000D+00 -0.12500000000000D+00
            0.00000000000000D+00  0.12500000000000D+00 -0.25000000000000D+00
            0.12500000000000D+00  0.12500000000000D+00 -0.12500000000000D+00
            0.00000000000000D+00  0.25000000000000D+00 -0.12500000000000D+00
            0.00000000000000D+00  0.00000000000000D+00 -0.12500000000000D+00
    kptnrm  0.10000000000000D+01
     ngfft        54   54   54
    nspden         1
   nspinor         1
       occ  0.20000000000000D+01  0.20000000000000D+01  0.20000000000000D+01
            0.20000000000000D+01  0.20000000000000D+01  0.20000000000000D+01
            0.20000000000000D+01  0.20000000000000D+01  0.20000000000000D+01
            0.20000000000000D+01  0.20000000000000D+01  0.20000000000000D+01
            0.20000000000000D+01  0.20000000000000D+01
     rprim  0.00000000000000D+00  0.50000000000000D+00  0.50000000000000D+00
            0.50000000000000D+00  0.00000000000000D+00  0.50000000000000D+00
            0.50000000000000D+00  0.50000000000000D+00  0.00000000000000D+00
  dfpt_sciss  0.00000000000000D+00
    spinat  0.00000000000000D+00  0.00000000000000D+00  0.00000000000000D+00
            0.00000000000000D+00  0.00000000000000D+00  0.00000000000000D+00
    symafm         1    1    1    1    1    1    1    1    1    1    1    1
                   1    1    1    1    1    1    1    1    1    1    1    1
    symrel         1    0    0    0    1    0    0    0    1
                   0   -1    1    0   -1    0    1   -1    0
                  -1    0    0   -1    0    1   -1    1    0
                   0    1   -1    1    0   -1    0    0   -1
                  -1    0    0   -1    1    0   -1    0    1
                   0   -1    1    1   -1    0    0   -1    0
                   1    0    0    0    0    1    0    1    0
                   0    1   -1    0    0   -1    1    0   -1
                  -1    0    1   -1    1    0   -1    0    0
                   0   -1    0    1   -1    0    0   -1    1
                   1    0   -1    0    0   -1    0    1   -1
                   0    1    0    0    0    1    1    0    0
                   1    0   -1    0    1   -1    0    0   -1
                   0   -1    0    0   -1    1    1   -1    0
                  -1    0    1   -1    0    0   -1    1    0
                   0    1    0    1    0    0    0    0    1
                   0    0   -1    0    1   -1    1    0   -1
                   1   -1    0    0   -1    1    0   -1    0
                   0    0    1    1    0    0    0    1    0
                  -1    1    0   -1    0    0   -1    0    1
                   0    0    1    0    1    0    1    0    0
                   1   -1    0    0   -1    0    0   -1    1
                   0    0   -1    1    0   -1    0    1   -1
                  -1    1    0   -1    0    1   -1    0    0
     tnons  0.00000000000000D+00  0.00000000000000D+00  0.00000000000000D+00
            0.00000000000000D+00  0.00000000000000D+00  0.00000000000000D+00
            0.00000000000000D+00  0.00000000000000D+00  0.00000000000000D+00
            0.00000000000000D+00  0.00000000000000D+00  0.00000000000000D+00
            0.00000000000000D+00  0.00000000000000D+00  0.00000000000000D+00
            0.00000000000000D+00  0.00000000000000D+00  0.00000000000000D+00
            0.00000000000000D+00  0.00000000000000D+00  0.00000000000000D+00
            0.00000000000000D+00  0.00000000000000D+00  0.00000000000000D+00
            0.00000000000000D+00  0.00000000000000D+00  0.00000000000000D+00
            0.00000000000000D+00  0.00000000000000D+00  0.00000000000000D+00
            0.00000000000000D+00  0.00000000000000D+00  0.00000000000000D+00
            0.00000000000000D+00  0.00000000000000D+00  0.00000000000000D+00
            0.00000000000000D+00  0.00000000000000D+00  0.00000000000000D+00
            0.00000000000000D+00  0.00000000000000D+00  0.00000000000000D+00
            0.00000000000000D+00  0.00000000000000D+00  0.00000000000000D+00
            0.00000000000000D+00  0.00000000000000D+00  0.00000000000000D+00
            0.00000000000000D+00  0.00000000000000D+00  0.00000000000000D+00
            0.00000000000000D+00  0.00000000000000D+00  0.00000000000000D+00
            0.00000000000000D+00  0.00000000000000D+00  0.00000000000000D+00
            0.00000000000000D+00  0.00000000000000D+00  0.00000000000000D+00
            0.00000000000000D+00  0.00000000000000D+00  0.00000000000000D+00
            0.00000000000000D+00  0.00000000000000D+00  0.00000000000000D+00
            0.00000000000000D+00  0.00000000000000D+00  0.00000000000000D+00
            0.00000000000000D+00  0.00000000000000D+00  0.00000000000000D+00
    tolwfr  0.10000000000000D+01
   tphysel  0.00000000000000D+00
    tsmear  0.10000000000000D-01
     typat         1    2
       wtk  0.39062500000000D-02  0.39062500000000D-02  0.39062500000000D-02
            0.39062500000000D-02  0.39062500000000D-02  0.39062500000000D-02
            0.39062500000000D-02  0.39062500000000D-02  0.39062500000000D-02
            0.39062500000000D-02  0.39062500000000D-02  0.39062500000000D-02
            0.39062500000000D-02  0.39062500000000D-02  0.39062500000000D-02
            0.39062500000000D-02  0.39062500000000D-02  0.39062500000000D-02
            0.39062500000000D-02  0.39062500000000D-02  0.39062500000000D-02
            0.39062500000000D-02  0.39062500000000D-02  0.39062500000000D-02
            0.39062500000000D-02  0.39062500000000D-02  0.39062500000000D-02
            0.39062500000000D-02  0.39062500000000D-02  0.39062500000000D-02
            0.39062500000000D-02  0.39062500000000D-02  0.39062500000000D-02
            0.39062500000000D-02  0.39062500000000D-02  0.39062500000000D-02
            0.39062500000000D-02  0.39062500000000D-02  0.39062500000000D-02
            0.39062500000000D-02  0.39062500000000D-02  0.39062500000000D-02
            0.39062500000000D-02  0.39062500000000D-02  0.39062500000000D-02
            0.39062500000000D-02  0.39062500000000D-02  0.39062500000000D-02
            0.39062500000000D-02  0.39062500000000D-02  0.39062500000000D-02
            0.39062500000000D-02  0.39062500000000D-02  0.39062500000000D-02
            0.39062500000000D-02  0.39062500000000D-02  0.39062500000000D-02
            0.39062500000000D-02  0.39062500000000D-02  0.39062500000000D-02
            0.39062500000000D-02  0.39062500000000D-02  0.39062500000000D-02
            0.39062500000000D-02  0.39062500000000D-02  0.39062500000000D-02
            0.39062500000000D-02  0.39062500000000D-02  0.39062500000000D-02
            0.39062500000000D-02  0.39062500000000D-02  0.39062500000000D-02
            0.39062500000000D-02  0.39062500000000D-02  0.39062500000000D-02
            0.39062500000000D-02  0.39062500000000D-02  0.39062500000000D-02
            0.39062500000000D-02  0.39062500000000D-02  0.39062500000000D-02
            0.39062500000000D-02  0.39062500000000D-02  0.39062500000000D-02
            0.39062500000000D-02  0.39062500000000D-02  0.39062500000000D-02
            0.39062500000000D-02  0.39062500000000D-02  0.39062500000000D-02
            0.39062500000000D-02  0.39062500000000D-02  0.39062500000000D-02
            0.39062500000000D-02  0.39062500000000D-02  0.39062500000000D-02
            0.39062500000000D-02  0.39062500000000D-02  0.39062500000000D-02
            0.39062500000000D-02  0.39062500000000D-02  0.39062500000000D-02
            0.39062500000000D-02  0.39062500000000D-02  0.39062500000000D-02
            0.39062500000000D-02  0.39062500000000D-02  0.39062500000000D-02
            0.39062500000000D-02  0.39062500000000D-02  0.39062500000000D-02
            0.39062500000000D-02  0.39062500000000D-02  0.39062500000000D-02
            0.39062500000000D-02  0.39062500000000D-02  0.39062500000000D-02
            0.39062500000000D-02  0.39062500000000D-02  0.39062500000000D-02
            0.39062500000000D-02  0.39062500000000D-02  0.39062500000000D-02
            0.39062500000000D-02  0.39062500000000D-02  0.39062500000000D-02
            0.39062500000000D-02  0.39062500000000D-02  0.39062500000000D-02
            0.39062500000000D-02  0.39062500000000D-02  0.39062500000000D-02
            0.39062500000000D-02  0.39062500000000D-02  0.39062500000000D-02
            0.39062500000000D-02  0.39062500000000D-02  0.39062500000000D-02
            0.39062500000000D-02  0.39062500000000D-02  0.39062500000000D-02
            0.39062500000000D-02  0.39062500000000D-02  0.39062500000000D-02
            0.39062500000000D-02  0.39062500000000D-02  0.39062500000000D-02
            0.39062500000000D-02  0.39062500000000D-02  0.39062500000000D-02
            0.39062500000000D-02  0.39062500000000D-02  0.39062500000000D-02
            0.39062500000000D-02  0.39062500000000D-02  0.39062500000000D-02
            0.39062500000000D-02  0.39062500000000D-02  0.39062500000000D-02
            0.39062500000000D-02  0.39062500000000D-02  0.39062500000000D-02
            0.39062500000000D-02  0.39062500000000D-02  0.39062500000000D-02
            0.39062500000000D-02  0.39062500000000D-02  0.39062500000000D-02
            0.39062500000000D-02  0.39062500000000D-02  0.39062500000000D-02
            0.39062500000000D-02  0.39062500000000D-02  0.39062500000000D-02
            0.39062500000000D-02  0.39062500000000D-02  0.39062500000000D-02
            0.39062500000000D-02  0.39062500000000D-02  0.39062500000000D-02
            0.39062500000000D-02  0.39062500000000D-02  0.39062500000000D-02
            0.39062500000000D-02  0.39062500000000D-02  0.39062500000000D-02
            0.39062500000000D-02  0.39062500000000D-02  0.39062500000000D-02
            0.39062500000000D-02  0.39062500000000D-02  0.39062500000000D-02
            0.39062500000000D-02  0.39062500000000D-02  0.39062500000000D-02
            0.39062500000000D-02  0.39062500000000D-02  0.39062500000000D-02
            0.39062500000000D-02  0.39062500000000D-02  0.39062500000000D-02
            0.39062500000000D-02  0.39062500000000D-02  0.39062500000000D-02
            0.39062500000000D-02  0.39062500000000D-02  0.39062500000000D-02
            0.39062500000000D-02  0.39062500000000D-02  0.39062500000000D-02
            0.39062500000000D-02  0.39062500000000D-02  0.39062500000000D-02
            0.39062500000000D-02  0.39062500000000D-02  0.39062500000000D-02
            0.39062500000000D-02  0.39062500000000D-02  0.39062500000000D-02
            0.39062500000000D-02  0.39062500000000D-02  0.39062500000000D-02
            0.39062500000000D-02  0.39062500000000D-02  0.39062500000000D-02
            0.39062500000000D-02  0.39062500000000D-02  0.39062500000000D-02
            0.39062500000000D-02  0.39062500000000D-02  0.39062500000000D-02
            0.39062500000000D-02  0.39062500000000D-02  0.39062500000000D-02
            0.39062500000000D-02  0.39062500000000D-02  0.39062500000000D-02
            0.39062500000000D-02  0.39062500000000D-02  0.39062500000000D-02
            0.39062500000000D-02  0.39062500000000D-02  0.39062500000000D-02
            0.39062500000000D-02  0.39062500000000D-02  0.39062500000000D-02
            0.39062500000000D-02  0.39062500000000D-02  0.39062500000000D-02
            0.39062500000000D-02  0.39062500000000D-02  0.39062500000000D-02
            0.39062500000000D-02  0.39062500000000D-02  0.39062500000000D-02
            0.39062500000000D-02
      xred  0.00000000000000D+00  0.00000000000000D+00  0.00000000000000D+00
            0.25000000000000D+00  0.25000000000000D+00  0.25000000000000D+00
     znucl  0.49000000000000D+02  0.51000000000000D+02
      zion  0.13000000000000D+02  0.15000000000000D+02
 
  Description of the potentials (KB energies)
  vrsio8 (for pseudopotentials)=100401
  usepaw =  0
  dimekb =  6       lmnmax=  6
  Atom type=    1   pspso=  0   nekb=   6
  iln lpsang iproj  ekb(:)
     1     0     1     8.1336241E+00  0.0000000E+00  0.0000000E+00  0.0000000E+00
                       0.0000000E+00  0.0000000E+00
     2     0     2     0.0000000E+00  1.2260308E+00  0.0000000E+00  0.0000000E+00
                       0.0000000E+00  0.0000000E+00
     3     1     1     0.0000000E+00  0.0000000E+00  5.9762547E+00  0.0000000E+00
                       0.0000000E+00  0.0000000E+00
     4     1     2     0.0000000E+00  0.0000000E+00  0.0000000E+00  1.0153184E+00
                       0.0000000E+00  0.0000000E+00
     5     2     1     0.0000000E+00  0.0000000E+00  0.0000000E+00  0.0000000E+00
                      -4.0924032E+00  0.0000000E+00
     6     2     2     0.0000000E+00  0.0000000E+00  0.0000000E+00  0.0000000E+00
                      -4.0924032E+00  0.0000000E+00
  Atom type=    2   pspso=  0   nekb=   6
  iln lpsang iproj  ekb(:)
     1     0     1     7.7907068E+00  0.0000000E+00  0.0000000E+00  0.0000000E+00
                       0.0000000E+00  0.0000000E+00
     2     0     2     0.0000000E+00  1.0443563E+00  0.0000000E+00  0.0000000E+00
                       0.0000000E+00  0.0000000E+00
     3     1     1     0.0000000E+00  0.0000000E+00  5.4633671E+00  0.0000000E+00
                       0.0000000E+00  0.0000000E+00
     4     1     2     0.0000000E+00  0.0000000E+00  0.0000000E+00  7.0439810E-01
                       0.0000000E+00  0.0000000E+00
     5     2     1     0.0000000E+00  0.0000000E+00  0.0000000E+00  0.0000000E+00
                      -4.7914887E+00  0.0000000E+00
     6     2     2     0.0000000E+00  0.0000000E+00  0.0000000E+00  0.0000000E+00
                      -4.7914887E+00  0.0000000E+00
 
 **** Database of total energy derivatives ****
 Number of data blocks=    8
  
 2nd derivatives (non-stat.)  - # elements :      81
 qpt  0.00000000E+00  0.00000000E+00  0.00000000E+00   1.0
   1   1   1   1  0.53548943907044D+01  0.00000000000000D+00
   2   1   1   1  0.26774471953504D+01  0.00000000000000D+00
   3   1   1   1  0.26774471953504D+01  0.00000000000000D+00
   1   2   1   1 -0.53548992574465D+01 -0.46203983350322D-16
   2   2   1   1 -0.26774496287231D+01 -0.11132632778987D-15
   3   2   1   1 -0.26774496287232D+01  0.27339834495743D-15
   1   4   1   1 -0.67536415847860D+02  0.00000000000000D+00
   2   4   1   1 -0.48999727614015D-15  0.00000000000000D+00
   3   4   1   1  0.24326059153385D-15  0.00000000000000D+00
   1   1   2   1  0.26774471953504D+01  0.00000000000000D+00
   2   1   2   1  0.53548943907044D+01  0.00000000000000D+00
   3   1   2   1  0.26774471953522D+01  0.00000000000000D+00
   1   2   2   1 -0.26774496287231D+01 -0.11132632778987D-15
   2   2   2   1 -0.53548992574464D+01  0.24075115104497D-15
   3   2   2   1 -0.26774496287232D+01  0.11587179647361D-15
   1   4   2   1  0.00000000000000D+00  0.00000000000000D+00
   2   4   2   1 -0.67536415847860D+02  0.00000000000000D+00
   3   4   2   1  0.26639023788021D-15  0.00000000000000D+00
   1   1   3   1  0.26774471953522D+01  0.00000000000000D+00
   2   1   3   1  0.26774471953522D+01  0.00000000000000D+00
   3   1   3   1  0.53548943907044D+01  0.00000000000000D+00
   1   2   3   1 -0.26774496287232D+01  0.27339834495743D-15
   2   2   3   1 -0.26774496287232D+01  0.11587179647361D-15
   3   2   3   1 -0.53548992574465D+01 -0.26544717418767D-15
   1   4   3   1  0.00000000000000D+00  0.00000000000000D+00
   2   4   3   1  0.54933574684648D-15  0.00000000000000D+00
   3   4   3   1 -0.67536415847860D+02  0.00000000000000D+00
   1   1   1   2 -0.53548997731719D+01  0.46203983350322D-16
   2   1   1   2 -0.26774498865859D+01  0.11132632778987D-15
   3   1   1   2 -0.26774498865859D+01 -0.27339834495743D-15
   1   2   1   2  0.53549005790519D+01  0.00000000000000D+00
   2   2   1   2  0.26774502895260D+01  0.00000000000000D+00
   3   2   1   2  0.26774502895296D+01  0.00000000000000D+00
   1   4   1   2 -0.11011080059258D+03  0.00000000000000D+00
   2   4   1   2  0.22016550231194D-15  0.00000000000000D+00
   3   4   1   2 -0.82194720790789D-15  0.00000000000000D+00
   1   1   2   2 -0.26774498865859D+01  0.11132632778987D-15
   2   1   2   2 -0.53548997731719D+01 -0.24075115104497D-15
   3   1   2   2 -0.26774498865860D+01 -0.11587179647361D-15
   1   2   2   2  0.26774502895296D+01  0.00000000000000D+00
   2   2   2   2  0.53549005790446D+01  0.00000000000000D+00
   3   2   2   2  0.26774502895241D+01  0.00000000000000D+00
   1   4   2   2  0.00000000000000D+00  0.00000000000000D+00
   2   4   2   2 -0.11011080059258D+03  0.00000000000000D+00
   3   4   2   2  0.30677953379435D-15  0.00000000000000D+00
   1   1   3   2 -0.26774498865859D+01 -0.27339834495743D-15
   2   1   3   2 -0.26774498865860D+01 -0.11587179647361D-15
   3   1   3   2 -0.53548997731719D+01  0.26544717418767D-15
   1   2   3   2  0.26774502895296D+01  0.00000000000000D+00
   2   2   3   2  0.26774502895278D+01  0.00000000000000D+00
   3   2   3   2  0.53549005790519D+01  0.00000000000000D+00
   1   4   3   2  0.11842378929335D-14  0.00000000000000D+00
   2   4   3   2 -0.24160562343390D-15  0.00000000000000D+00
   3   4   3   2 -0.11011080059258D+03  0.00000000000000D+00
   1   1   1   4 -0.67536414282598D+02  0.00000000000000D+00
   2   1   1   4  0.00000000000000D+00  0.00000000000000D+00
   3   1   1   4  0.00000000000000D+00  0.00000000000000D+00
   1   2   1   4 -0.11011080191278D+03  0.00000000000000D+00
   2   2   1   4  0.00000000000000D+00  0.00000000000000D+00
   3   2   1   4  0.00000000000000D+00  0.00000000000000D+00
   1   4   1   4 -0.64499710118871D+03  0.00000000000000D+00
   2   4   1   4  0.21499903372957D+03  0.00000000000000D+00
   3   4   1   4  0.21499903372957D+03  0.00000000000000D+00
   1   1   2   4 -0.14461501427970D-15  0.00000000000000D+00
   2   1   2   4 -0.67536414282598D+02  0.00000000000000D+00
   3   1   2   4 -0.42783199758130D-16  0.00000000000000D+00
   1   2   2   4  0.21050274373420D-15  0.00000000000000D+00
   2   2   2   4 -0.11011080191278D+03  0.00000000000000D+00
   3   2   2   4 -0.24160562343390D-15  0.00000000000000D+00
   1   4   2   4  0.21499903372957D+03  0.00000000000000D+00
   2   4   2   4 -0.64499710118871D+03  0.00000000000000D+00
   3   4   2   4  0.21499903372957D+03  0.00000000000000D+00
   1   1   3   4 -0.12177522360051D-15  0.00000000000000D+00
   2   1   3   4 -0.34538226186045D-15  0.00000000000000D+00
   3   1   3   4 -0.67536414282598D+02  0.00000000000000D+00
   1   2   3   4  0.74836668938193D-16  0.00000000000000D+00
   2   2   3   4  0.96627577505600D-17  0.00000000000000D+00
   3   2   3   4 -0.11011080191278D+03  0.00000000000000D+00
   1   4   3   4  0.21499903372957D+03  0.00000000000000D+00
   2   4   3   4  0.21499903372957D+03  0.00000000000000D+00
   3   4   3   4 -0.64499710118871D+03  0.00000000000000D+00
  
 2nd derivatives (non-stat.)  - # elements :      36
 qpt  2.50000000E-01  0.00000000E+00  0.00000000E+00   1.0
   1   1   1   1  0.59747285571211D+01 -0.67953723783547D-08
   2   1   1   1  0.25706288269066D+01 -0.87608497013528D-15
   3   1   1   1  0.25706288269066D+01  0.28030427244268D-15
   1   2   1   1 -0.32272946280481D+01 -0.24687347628042D+01
   2   2   1   1 -0.25367271475011D+01 -0.11590622341091D+00
   3   2   1   1 -0.25367271475011D+01 -0.11590622341089D+00
   1   1   2   1  0.25706288269066D+01 -0.87608497013528D-15
   2   1   2   1  0.51412576538132D+01  0.13582009148007D-15
   3   1   2   1  0.25706288269048D+01 -0.53526032400367D-16
   1   2   2   1 -0.25367271475011D+01 -0.11590622341091D+00
   2   2   2   1 -0.50734542950021D+01 -0.23181244682179D+00
   3   2   2   1 -0.25367271475010D+01 -0.11590622341090D+00
   1   1   3   1  0.25706288269084D+01  0.28030427244268D-15
   2   1   3   1  0.25706288269066D+01 -0.53526032400367D-16
   3   1   3   1  0.51412576538205D+01 -0.23977614481363D-16
   1   2   3   1 -0.25367271475011D+01 -0.11590622341089D+00
   2   2   3   1 -0.25367271475010D+01 -0.11590622341090D+00
   3   2   3   1 -0.50734542950021D+01 -0.23181244682178D+00
   1   1   1   2 -0.32272945160117D+01  0.24687348487392D+01
   2   1   1   2 -0.25367270711776D+01  0.11590621290116D+00
   3   1   1   2 -0.25367270711776D+01  0.11590621290116D+00
   1   2   1   2  0.62529016518565D+01  0.81554676260029D-08
   2   2   1   2  0.27794500802302D+01 -0.42888875720271D-14
   3   2   1   2  0.27794500802302D+01 -0.27493160952221D-14
   1   1   2   2 -0.25367270711776D+01  0.11590621290116D+00
   2   1   2   2 -0.50734541423552D+01  0.23181242580231D+00
   3   1   2   2 -0.25367270711776D+01  0.11590621290115D+00
   1   2   2   2  0.27794500802283D+01 -0.42888875720271D-14
   2   2   2   2  0.55589001604458D+01 -0.37223022553678D-14
   3   2   2   2  0.27794500802247D+01 -0.39743902901199D-14
   1   1   3   2 -0.25367270711776D+01  0.11590621290115D+00
   2   1   3   2 -0.25367270711776D+01  0.11590621290115D+00
   3   1   3   2 -0.50734541423552D+01  0.23181242580229D+00
   1   2   3   2  0.27794500802247D+01 -0.27493160952221D-14
   2   2   3   2  0.27794500802265D+01 -0.39743902901199D-14
   3   2   3   2  0.55589001604640D+01 -0.35447378983696D-14
  
 2nd derivatives (non-stat.)  - # elements :      36
 qpt  5.00000000E-01  0.00000000E+00  0.00000000E+00   1.0
   1   1   1   1  0.62069742680578D+01  0.40749359377686D-12
   2   1   1   1  0.25502144239163D+01  0.00000000000000D+00
   3   1   1   1  0.25502144239163D+01  0.00000000000000D+00
   1   2   1   1 -0.71067010822855D+00 -0.68088597134990D-11
   2   2   1   1 -0.25184780262510D+01  0.66133320795923D-14
   3   2   1   1 -0.25184780262511D+01  0.66702597954469D-14
   1   1   2   1  0.25502144239126D+01  0.00000000000000D+00
   2   1   2   1  0.51004288478252D+01  0.00000000000000D+00
   3   1   2   1  0.25502144239126D+01  0.00000000000000D+00
   1   2   2   1 -0.25184780262511D+01  0.66133320795925D-14
   2   2   2   1 -0.50369560525021D+01  0.13243854953264D-13
   3   2   2   1 -0.25184780262508D+01  0.64619827495431D-14
   1   1   3   1  0.25502144239144D+01  0.00000000000000D+00
   2   1   3   1  0.25502144239126D+01  0.00000000000000D+00
   3   1   3   1  0.51004288478362D+01  0.00000000000000D+00
   1   2   3   1 -0.25184780262511D+01  0.66702597954470D-14
   2   2   3   1 -0.25184780262508D+01  0.64619827495431D-14
   3   2   3   1 -0.50369560525020D+01  0.13500774300751D-13
   1   1   1   2 -0.71067010121484D+00  0.78677424946659D-11
   2   1   1   2 -0.25184780416574D+01  0.13079234856969D-14
   3   1   1   2 -0.25184780416574D+01  0.12509957698424D-14
   1   2   1   2  0.67000444144578D+01  0.35045683380836D-12
   2   2   1   2  0.28364007653799D+01  0.00000000000000D+00
   3   2   1   2  0.28364007653818D+01  0.00000000000000D+00
   1   1   2   2 -0.25184780416574D+01  0.13079234856967D-14
   2   1   2   2 -0.50369560833148D+01  0.25986561773142D-14
   3   1   2   2 -0.25184780416571D+01  0.14592728157461D-14
   1   2   2   2  0.28364007653799D+01  0.00000000000000D+00
   2   2   2   2  0.56728015307526D+01  0.00000000000000D+00
   3   2   2   2  0.28364007653799D+01  0.00000000000000D+00
   1   1   3   2 -0.25184780416574D+01  0.12509957698423D-14
   2   1   3   2 -0.25184780416572D+01  0.14592728157461D-14
   3   1   3   2 -0.50369560833146D+01  0.23417368298271D-14
   1   2   3   2  0.28364007653763D+01  0.00000000000000D+00
   2   2   3   2  0.28364007653818D+01  0.00000000000000D+00
   3   2   3   2  0.56728015307635D+01  0.00000000000000D+00
  
 2nd derivatives (non-stat.)  - # elements :      36
 qpt  2.50000000E-01  2.50000000E-01  0.00000000E+00   1.0
   1   1   1   1  0.57398053123143D+01 -0.68775915832863D-15
   2   1   1   1  0.33427513447386D+01 -0.63989557414368D-15
   3   1   1   1  0.23970539675774D+01  0.17765369375881D-14
   1   2   1   1 -0.27951728302681D+01 -0.27951728301124D+01
   2   2   1   1 -0.26066557294625D+01 -0.41614665827961D+00
   3   2   1   1 -0.23790261718329D+01 -0.18851710080564D+00
   1   1   2   1  0.33427513447368D+01 -0.63989557414368D-15
   2   1   2   1  0.57398053123179D+01  0.90964537672495D-15
   3   1   2   1  0.23970539675756D+01 -0.23879524851901D-15
   1   2   2   1 -0.26066557294625D+01 -0.41614665827961D+00
   2   2   2   1 -0.27951728302681D+01 -0.27951728301124D+01
   3   2   2   1 -0.23790261718329D+01 -0.18851710080564D+00
   1   1   3   1  0.23970539675774D+01  0.17765369375881D-14
   2   1   3   1  0.23970539675756D+01 -0.23879524851901D-15
   3   1   3   1  0.47941079351658D+01  0.34886342759940D-16
   1   2   3   1 -0.23790261718329D+01 -0.18851710080564D+00
   2   2   3   1 -0.23790261718329D+01 -0.18851710080563D+00
   3   2   3   1 -0.47580523436658D+01 -0.37703420161134D+00
   1   1   1   2 -0.27951726739853D+01  0.27951726738298D+01
   2   1   1   2 -0.26066556773682D+01  0.41614660618543D+00
   3   1   1   2 -0.23790260676444D+01  0.18851699661717D+00
   1   2   1   2  0.61618311948187D+01 -0.91565568416534D-15
   2   2   1   2  0.32808312006327D+01 -0.85193197741022D-15
   3   2   1   2  0.28809999941805D+01  0.23652118991557D-14
   1   1   2   2 -0.26066556773682D+01  0.41614660618543D+00
   2   1   2   2 -0.27951726739853D+01  0.27951726738298D+01
   3   1   2   2 -0.23790260676444D+01  0.18851699661716D+00
   1   2   2   2  0.32808312006346D+01 -0.85193197741022D-15
   2   2   2   2  0.61618311948114D+01  0.12110663299592D-14
   3   2   2   2  0.28809999941732D+01 -0.31792266814662D-15
   1   1   3   2 -0.23790260676444D+01  0.18851699661717D+00
   2   1   3   2 -0.23790260676444D+01  0.18851699661716D+00
   3   1   3   2 -0.47580521352889D+01  0.37703399323440D+00
   1   2   3   2  0.28809999941750D+01  0.23652118991557D-14
   2   2   3   2  0.28809999941750D+01 -0.31792266814662D-15
   3   2   3   2  0.57619999883609D+01  0.46446314325363D-16
  
 2nd derivatives (non-stat.)  - # elements :      36
 qpt  5.00000000E-01  2.50000000E-01  0.00000000E+00   1.0
   1   1   1   1  0.56859087643861D+01 -0.43084890908663D-07
   2   1   1   1  0.30562310364039D+01  0.25152385470347D+00
   3   1   1   1  0.23725172919785D+01 -0.28351110245526D-15
   1   2   1   1 -0.29040224789190D+00 -0.24747951771485D+00
   2   2   1   1 -0.24432086009439D+01 -0.16941437355325D+00
   3   2   1   1 -0.23729988231993D+01 -0.98586868247933D-01
   1   1   2   1  0.30562310790629D+01 -0.25152392133422D+00
   2   1   2   1  0.54018890254665D+01 -0.25243649935857D-07
   3   1   2   1  0.23725172919767D+01 -0.14073001650945D-14
   1   2   2   1 -0.26552807592883D+01 -0.10316081483719D+00
   2   2   2   1 -0.26080169951235D+01 -0.24503790900452D+01
   3   2   2   1 -0.23729988231992D+01 -0.98586868247919D-01
   1   1   3   1  0.23725172919785D+01 -0.28351110245526D-15
   2   1   3   1  0.23725172919767D+01 -0.14073001650945D-14
   3   1   3   1  0.47450345839679D+01  0.47050183801184D-16
   1   2   3   1 -0.23729988231993D+01 -0.98586868247933D-01
   2   2   3   1 -0.23729988231992D+01 -0.98586868247919D-01
   3   2   3   1 -0.47459976463984D+01 -0.19717373649586D+00
   1   1   1   2 -0.29040222504781D+00  0.24747940398970D+00
   2   1   1   2 -0.26552807634196D+01  0.10316074301349D+00
   3   1   1   2 -0.23729987965881D+01  0.98586805430274D-01
   1   2   1   2  0.65776600304926D+01 -0.13055818228430D-07
   2   2   1   2  0.32158119490032D+01  0.32034477563340D+00
   3   2   1   2  0.29348033520509D+01  0.40316995441185D-15
   1   1   2   2 -0.24432085713153D+01  0.16941431897930D+00
   2   1   2   2 -0.26080169742381D+01  0.24503790268543D+01
   3   1   2   2 -0.23729987965880D+01  0.98586805430260D-01
   1   2   2   2  0.32158118953157D+01 -0.32034483148454D+00
   2   2   2   2  0.62441379987577D+01 -0.97905779813562D-08
   3   2   2   2  0.29348033520455D+01 -0.18736244801555D-14
   1   1   3   2 -0.23729987965881D+01  0.98586805430274D-01
   2   1   3   2 -0.23729987965880D+01  0.98586805430260D-01
   3   1   3   2 -0.47459975931759D+01  0.19717361086054D+00
   1   2   3   2  0.29348033520455D+01  0.40316995441185D-15
   2   2   3   2  0.29348033520473D+01 -0.18736244801555D-14
   3   2   3   2  0.58696067041019D+01  0.84326634143966D-15
  
 2nd derivatives (non-stat.)  - # elements :      36
 qpt -2.50000000E-01  2.50000000E-01  0.00000000E+00   1.0
   1   1   1   1  0.53595549815109D+01 -0.34458302663339D-08
   2   1   1   1  0.26690294706150D+01  0.31640151945849D+00
   3   1   1   1  0.24628471698252D+01 -0.49636152791227D-15
   1   2   1   1 -0.27514342454260D+01  0.22888110258296D+01
   2   2   1   1 -0.25273852504613D+01 -0.15555287079540D+00
   3   2   1   1 -0.23977850258786D+01 -0.16396311377362D-10
   1   1   2   1  0.26690294686596D+01 -0.31640152290432D+00
   2   1   2   1  0.53595547364239D+01  0.68916604636294D-08
   3   1   2   1  0.24628471698234D+01 -0.33426554428140D-15
   1   2   2   1 -0.25273853800686D+01  0.15555289310005D+00
   2   2   2   1 -0.27514342502340D+01 -0.22888110260382D+01
   3   2   2   1 -0.23977850258786D+01 -0.16404988567679D-10
   1   1   3   1  0.24628471698252D+01 -0.49636152791227D-15
   2   1   3   1  0.24628471698234D+01 -0.33426554428140D-15
   3   1   3   1  0.49256943396613D+01 -0.77034934643920D-16
   1   2   3   1 -0.23977850258786D+01 -0.16396311377363D-10
   2   2   3   1 -0.23977850258786D+01 -0.16404988567680D-10
   3   2   3   1 -0.47955700517574D+01 -0.32808265201048D-10
   1   1   1   2 -0.27514341839121D+01 -0.22888111316288D+01
   2   1   1   2 -0.25273853426756D+01 -0.15555285838988D+00
   3   1   1   2 -0.23977850274209D+01  0.16391973123472D-10
   1   2   1   2  0.62621680600096D+01  0.98882211826706D-08
   2   2   1   2  0.29730094652896D+01  0.33428244609417D+00
   3   2   1   2  0.28686349916225D+01 -0.66083635372935D-15
   1   1   2   2 -0.25273852454242D+01  0.15555287107334D+00
   2   1   2   2 -0.27514341462901D+01  0.22888110968493D+01
   3   1   2   2 -0.23977850274209D+01  0.16400650313789D-10
   1   2   2   2  0.29730094230017D+01 -0.33428243620595D+00
   2   2   2   2  0.62621677186071D+01 -0.19776444018507D-07
   3   2   2   2  0.28686349916170D+01 -0.44502809149891D-15
   1   1   3   2 -0.23977850274209D+01  0.16391973123472D-10
   2   1   3   2 -0.23977850274209D+01  0.16400650313789D-10
   3   1   3   2 -0.47955700548419D+01  0.32799588693268D-10
   1   2   3   2  0.28686349916170D+01 -0.66083635372935D-15
   2   2   3   2  0.28686349916188D+01 -0.44502809149891D-15
   3   2   3   2  0.57372699832449D+01 -0.10256130352001D-15
  
 2nd derivatives (non-stat.)  - # elements :      36
 qpt  5.00000000E-01  5.00000000E-01  0.00000000E+00   1.0
   1   1   1   1  0.60086905926073D+01  0.00000000000000D+00
   2   1   1   1  0.37144488594931D+01  0.00000000000000D+00
   3   1   1   1  0.22942417331215D+01  0.00000000000000D+00
   1   2   1   1  0.55183386149702D-13 -0.46105769397192D-14
   2   2   1   1 -0.23812929606267D+01  0.53259764282578D-13
   3   2   1   1 -0.23812929606266D+01  0.50623385845635D-13
   1   1   2   1  0.37144488594877D+01  0.00000000000000D+00
   2   1   2   1  0.60086905926073D+01  0.00000000000000D+00
   3   1   2   1  0.22942417331215D+01  0.00000000000000D+00
   1   2   2   1 -0.23812929606266D+01  0.53259764282578D-13
   2   2   2   1  0.73031629362938D-13 -0.47761333896953D-14
   3   2   2   1 -0.23812929606266D+01  0.50624326169562D-13
   1   1   3   1  0.22942417331215D+01  0.00000000000000D+00
   2   1   3   1  0.22942417331196D+01  0.00000000000000D+00
   3   1   3   1  0.45884834662575D+01  0.00000000000000D+00
   1   2   3   1 -0.23812929606266D+01  0.50623385845635D-13
   2   2   3   1 -0.23812929606266D+01  0.50624326169562D-13
   3   2   3   1 -0.47625859212531D+01  0.10125752294800D-12
   1   1   1   2  0.55183386149702D-13  0.46105769397192D-14
   2   1   1   2 -0.23812929606268D+01 -0.35726064675903D-13
   3   1   1   2 -0.23812929606268D+01 -0.33089686238961D-13
   1   2   1   2  0.65701877837964D+01  0.00000000000000D+00
   2   2   1   2  0.35638279222676D+01  0.00000000000000D+00
   3   2   1   2  0.30063598615343D+01  0.00000000000000D+00
   1   1   2   2 -0.23812929606268D+01 -0.35726064675903D-13
   2   1   2   2  0.69900606000400D-13  0.47761333896953D-14
   3   1   2   2 -0.23812929606268D+01 -0.33090626562887D-13
   1   2   2   2  0.35638279222676D+01  0.00000000000000D+00
   2   2   2   2  0.65701877837892D+01  0.00000000000000D+00
   3   2   2   2  0.30063598615270D+01  0.00000000000000D+00
   1   1   3   2 -0.23812929606268D+01 -0.33089686238961D-13
   2   1   3   2 -0.23812929606268D+01 -0.33090626562887D-13
   3   1   3   2 -0.47625859212533D+01 -0.66190123734649D-13
   1   2   3   2  0.30063598615307D+01  0.00000000000000D+00
   2   2   3   2  0.30063598615288D+01  0.00000000000000D+00
   3   2   3   2  0.60127197230649D+01  0.00000000000000D+00
  
 2nd derivatives (non-stat.)  - # elements :      36
 qpt -2.50000000E-01  5.00000000E-01  2.50000000E-01   1.0
   1   1   1   1  0.50095753761598D+01  0.12600823265564D-07
   2   1   1   1  0.27243954077294D+01  0.19369866164469D+00
   3   1   1   1  0.22851799864693D+01  0.19369866584497D+00
   1   2   1   1 -0.23050290468480D+01  0.23050290954429D+01
   2   2   1   1 -0.23944670331665D+01  0.18671311777705D-07
   3   2   1   1 -0.23050290655193D+01 -0.89437937723699D-01
   1   1   2   1  0.27243953896923D+01 -0.19369865324414D+00
   2   1   2   1  0.54487907974217D+01  0.84005479577247D-08
   3   1   2   1  0.27243954077276D+01  0.19369866164469D+00
   1   2   2   1 -0.22155911091243D+01  0.29923599776264D-07
   2   2   2   1  0.35255078349097D-13  0.56561353107879D-14
   3   2   2   1 -0.22155911091242D+01  0.29923569266061D-07
   1   1   3   1  0.22851799684340D+01 -0.19369864904387D+00
   2   1   3   1  0.27243953896905D+01 -0.19369865324414D+00
   3   1   3   1  0.50095753761743D+01  0.12600824522256D-07
   1   2   3   1 -0.23050290767715D+01  0.89437986318579D-01
   2   2   3   1 -0.23944670331665D+01  0.18671278370514D-07
   3   2   3   1 -0.23050290954428D+01 -0.23050290468480D+01
   1   1   1   2 -0.23050290422761D+01 -0.23050290014292D+01
   2   1   1   2 -0.22155910707373D+01  0.29643034139821D-07
   3   1   1   2 -0.23050290126330D+01 -0.89437930691903D-01
   1   2   1   2  0.63646323730136D+01  0.27366330735554D-07
   2   2   1   2  0.32690424910634D+01  0.30685335954672D+00
   3   2   1   2  0.30955899288747D+01  0.30685336866883D+00
   1   1   2   2 -0.23944669729679D+01  0.11203764848762D-07
   2   1   2   2  0.35255078349097D-13 -0.56561353107879D-14
   3   1   2   2 -0.23944669729679D+01  0.11203795358965D-07
   1   2   2   2  0.32690424441425D+01 -0.30685334130250D+00
   2   2   2   2  0.65380849352041D+01  0.18244220091429D-07
   3   2   2   2  0.32690424910561D+01  0.30685335954672D+00
   1   1   3   2 -0.23050290310723D+01  0.89437971538736D-01
   2   1   3   2 -0.22155910707373D+01  0.29643067547012D-07
   3   1   3   2 -0.23050290014292D+01  0.23050290422761D+01
   1   2   3   2  0.30955898819466D+01 -0.30685333218039D+00
   2   2   3   2  0.32690424441425D+01 -0.30685334130250D+00
   3   2   3   2  0.63646323730172D+01  0.27366332408664D-07

 List of bloks and their characteristics 
  
 2nd derivatives (non-stat.)  - # elements :      81
 qpt  0.00000000E+00  0.00000000E+00  0.00000000E+00   1.0
  
 2nd derivatives (non-stat.)  - # elements :      36
 qpt  2.50000000E-01  0.00000000E+00  0.00000000E+00   1.0
  
 2nd derivatives (non-stat.)  - # elements :      36
 qpt  5.00000000E-01  0.00000000E+00  0.00000000E+00   1.0
  
 2nd derivatives (non-stat.)  - # elements :      36
 qpt  2.50000000E-01  2.50000000E-01  0.00000000E+00   1.0
  
 2nd derivatives (non-stat.)  - # elements :      36
 qpt  5.00000000E-01  2.50000000E-01  0.00000000E+00   1.0
  
 2nd derivatives (non-stat.)  - # elements :      36
 qpt -2.50000000E-01  2.50000000E-01  0.00000000E+00   1.0
  
 2nd derivatives (non-stat.)  - # elements :      36
 qpt  5.00000000E-01  5.00000000E-01  0.00000000E+00   1.0
  
 2nd derivatives (non-stat.)  - # elements :      36
 qpt -2.50000000E-01  5.00000000E-01  2.50000000E-01   1.0
